12
3 0 7 6 5 9 10 4 1 11 2 8
7 6 4 2 1 10 11 5 3 9 0 8
9 2 11 3 5 0 6 1 4 8 7 10
11 2 8 1 5 10 6 0 9 7 4 3
11 8 5 2 7 1 0 9 10 4 6 3
8 3 1 7 9 10 2 6 11 4 5 0
3 1 2 7 4 0 8 10 9 11 6 5
7 11 9 8 10 4 0 5 2 6 3 1
0 8 7 5 2 11 3 10 6 1 9 4
7 8 6 0 1 4 10 3 5 2 9 11
8 9 3 2 4 5 6 10 11 1 7 0
1 11 5 6 0 9 4 10 8 2 3 7

5 3 0 10 11 9 7 8 2 1 4 6
5 10 6 2 8 7 0 9 4 1 3 11
1 2 7 8 6 11 10 3 0 4 9 5
7 8 4 6 5 2 1 11 9 3 0 10
7 9 1 4 0 11 2 5 10 6 8 3
10 4 0 1 9 6 11 5 3 8 2 7
3 1 11 0 2 7 6 10 5 9 4 8
7 2 4 9 3 8 0 10 11 5 6 1
8 0 5 1 7 11 9 4 6 2 10 3
2 0 11 9 5 1 3 10 7 8 4 6
3 7 6 10 8 5 2 4 9 1 11 0
7 11 6 9 3 0 10 1 5 4 8 2