11
5 10 1 6 4 9 3 2 7 8 0
9 1 4 10 7 3 2 6 8 0 5
2 5 1 4 10 0 8 6 9 3 7
1 2 3 8 0 4 9 5 7 6 10
1 4 6 3 9 0 8 2 5 7 10
3 10 4 6 1 5 8 9 2 0 7
10 0 3 6 5 8 2 1 4 7 9
4 2 3 5 6 9 10 1 8 7 0
0 9 4 6 10 1 8 3 7 2 5
4 3 9 5 6 10 7 1 8 0 2
10 3 6 5 2 8 7 4 0 1 9

8 6 1 4 5 0 3 7 10 9 2
9 0 8 10 5 6 4 1 3 7 2
1 2 5 0 10 8 6 7 3 9 4
6 9 0 8 2 5 4 10 7 1 3
1 5 9 6 0 4 7 10 8 3 2
0 6 2 8 9 3 5 1 7 10 4
10 6 8 7 0 4 9 1 5 2 3
5 6 10 2 9 7 8 3 4 1 0
9 2 5 8 10 6 7 4 3 1 0
0 9 3 7 5 4 8 6 1 2 10
3 8 9 5 1 0 6 2 10 4 7