50
40 6 35 25 5 15 37 7 24 4 45 47 1 26 48 9 14 8 28 46 16 32 0 44 21 27 19 10 20 12 34 49 43 3 42 22 31 29 30 18 2 23 36 33 11 13 38 41 17 39
13 35 34 44 36 3 4 48 27 20 42 37 19 32 25 18 31 33 7 45 5 47 38 46 39 26 14 28 10 40 8 12 9 43 22 11 21 29 41 49 16 1 24 15 6 23 2 0 30 17
40 20 15 22 0 42 32 6 13 33 37 49 31 10 4 16 34 46 14 43 17 39 44 7 5 29 23 48 8 3 35 45 18 21 12 26 11 27 41 47 36 1 30 9 24 38 28 25 2 19
38 6 37 49 25 0 5 41 44 7 1 24 31 32 19 9 43 4 30 15 45 47 27 29 40 42 3 34 8 18 28 12 10 14 2 48 20 39 36 17 11 21 13 26 46 23 35 16 33 22
18 40 15 12 47 14 49 0 29 43 26 32 41 20 5 33 21 17 19 7 25 2 24 11 42 23 46 37 38 4 39 35 6 45 31 48 36 28 1 34 13 3 8 30 22 44 16 10 27 9
21 30 15 33 25 31 48 13 18 1 32 37 40 0 49 44 16 34 23 39 9 6 5 2 10 22 11 3 19 24 47 20 29 14 46 7 4 8 35 45 26 41 17 38 36 27 28 12 42 43
19 31 37 29 15 26 30 24 6 49 2 18 11 9 45 23 32 7 17 28 40 21 46 10 44 35 38 4 22 13 16 43 36 33 5 27 20 1 25 0 12 34 39 41 8 42 3 14 48 47
48 29 39 41 16 20 40 31 13 32 37 2 36 14 10 44 26 5 18 15 19 0 25 1 21 6 45 49 11 23 42 8 33 3 17 22 9 34 35 30 46 28 38 43 4 12 27 24 7 47
22 19 15 3 20 40 38 36 18 34 43 11 0 32 12 46 4 9 48 5 8 2 30 24 23 6 13 42 14 7 35 39 47 49 26 17 31 33 27 45 29 21 16 37 25 44 10 1 41 28
24 30 49 40 0 13 33 2 44 7 21 15 34 20 4 16 8 26 43 22 25 12 48 42 35 14 38 5 41 27 9 46 18 28 32 1 47 6 39 11 17 19 45 36 3 23 31 29 37 10
44 29 11 24 33 0 21 38 3 49 37 8 43 26 5 14 7 27 17 6 46 16 41 32 25 30 13 22 34 47 12 31 10 2 35 19 1 4 48 39 28 40 18 20 45 9 42 15 36 23
31 33 35 4 17 15 29 41 43 32 23 16 9 45 40 1 22 11 14 8 49 12 18 36 3 28 5 19 39 27 30 21 44 10 37 2 42 46 13 20 7 25 38 48 0 34 24 26 47 6
8 33 38 35 34 39 21 41 27 26 12 4 30 0 42 36 23 7 43 11 6 47 24 16 15 28 46 3 10 9 14 19 32 1 29 18 22 17 37 20 40 13 2 49 44 31 48 45 25 5
48 13 26 47 45 38 25 29 39 21 34 3 8 2 20 22 12 6 40 41 43 33 28 7 36 17 10 15 37 31 27 49 44 11 30 23 1 32 19 46 24 0 14 5 4 16 42 18 35 9
17 47 39 9 8 4 7 24 33 49 16 5 14 38 25 15 1 2 3 46 31 12 20 44 43 48 45 10 34 42 11 40 35 0 28 32 30 21 41 18 26 23 19 22 27 37 6 36 29 13
1 41 11 29 32 8 9 15 14 18 42 37 4 3 33 45 26 7 10 34 38 25 13 36 5 21 46 40 19 49 6 20 22 48 30 23 0 17 16 28 24 43 44 31 2 35 12 47 39 27
9 45 22 15 27 11 32 20 12 14 2 47 3 21 28 24 8 16 25 17 33 37 19 29 5 49 42 36 44 30 10 34 1 46 35 4 38 0 18 31 23 6 7 40 41 13 39 26 43 48
34 49 31 4 24 29 0 6 5 18 28 33 3 40 25 15 26 32 23 19 45 21 42 38 35 10 46 9 37 14 36 1 39 44 17 13 43 11 8 12 16 20 22 7 2 27 48 30 47 41
46 15 6 32 3 35 14 27 16 9 43 26 42 0 22 28 44 40 33 49 31 19 39 48 5 11 8 1 36 29 20 18 25 17 7 38 41 4 45 2 30 47 21 23 37 24 12 34 10 13
1 45 20 49 38 34 15 11 44 37 42 24 46 18 12 4 9 21 7 35 28 29 0 31 43 16 41 13 25 3 2 10 6 40 22 47 39 48 30 19 27 14 5 8 33 17 32 36 23 26
47 7 28 14 33 3 34 4 46 1 29 13 36 39 0 48 21 41 42 6 22 37 38 17 12 25 35 49 19 24 31 20 5 45 15 16 43 32 30 8 9 26 18 11 40 44 10 2 23 27
7 1 28 37 11 5 8 12 29 18 42 33 38 47 40 15 44 31 46 36 48 26 19 30 13 25 23 10 17 21 14 43 6 20 9 2 45 22 24 39 3 49 16 4 0 32 35 34 41 27
11 47 29 43 12 8 5 23 42 30 24 38 37 14 3 18 36 15 39 27 4 33 19 1 0 45 16 6 2 21 44 13 34 40 7 31 22 20 46 28 10 32 41 9 35 48 49 26 17 25
0 17 28 21 24 44 4 37 2 20 7 10 43 31 19 27 49 38 9 35 12 40 5 11 23 39 25 36 33 22 34 14 16 15 13 45 32 30 29 6 41 8 3 26 48 46 18 42 1 47
14 20 3 42 24 19 49 35 16 48 6 30 18 38 0 47 46 21 2 33 44 5 22 32 10 40 29 36 7 37 23 13 26 41 12 11 45 15 1 27 17 31 8 39 34 9 28 43 4 25
39 27 0 45 25 36 24 46 31 26 37 23 47 21 49 13 48 44 11 4 32 10 35 1 30 5 16 19 22 8 14 34 7 33 15 28 38 43 40 17 29 12 3 2 9 18 41 20 6 42
28 49 19 45 10 47 12 34 37 1 23 7 38 8 42 39 31 35 11 30 20 18 41 44 5 0 33 14 16 3 32 21 13 22 6 48 26 43 36 25 2 29 24 4 9 27 17 15 40 46
2 33 4 5 8 42 39 0 45 25 41 11 6 34 14 27 1 48 18 22 49 24 30 36 23 13 29 9 44 35 17 12 3 26 43 20 10 32 40 7 47 16 28 15 37 46 21 19 38 31
32 33 45 49 2 11 3 6 27 20 18 39 31 30 25 7 15 21 17 41 1 22 34 13 47 14 48 35 42 29 23 24 9 12 16 37 4 19 10 46 5 43 38 44 0 26 40 28 36 8
35 26 19 42 33 39 22 14 31 16 27 47 28 23 4 30 44 34 25 21 0 32 6 12 2 17 38 7 45 10 9 43 20 11 37 5 40 8 24 13 48 1 29 18 15 36 3 49 46 41
3 26 15 6 30 5 14 9 36 32 19 7 4 1 10 48 16 31 44 2 24 37 22 40 49 13 47 41 39 20 45 38 18 27 17 42 33 34 28 23 0 11 43 21 8 25 35 12 29 46
20 2 31 26 25 21 11 46 1 8 42 23 28 18 38 41 29 45 4 22 3 48 30 15 36 35 14 24 0 39 6 37 17 12 19 10 33 27 44 5 40 32 16 47 9 49 13 34 7 43
9 6 26 35 42 49 17 15 48 2 13 19 38 32 3 41 31 10 18 34 44 5 30 40 39 8 43 29 16 0 1 12 46 4 14 47 27 24 33 21 25 22 23 36 7 45 11 28 37 20
41 10 47 43 26 12 39 42 5 21 4 44 32 14 3 19 16 23 46 20 0 31 36 6 37 7 34 9 30 24 40 38 35 15 18 27 17 1 48 13 25 8 33 2 29 49 11 22 28 45
9 30 29 17 24 26 0 43 14 41 34 25 2 47 39 31 7 16 21 28 35 37 44 8 49 38 3 1 20 27 13 19 48 4 40 23 45 32 33 42 10 46 22 36 12 6 18 15 11 5
47 38 2 44 45 31 10 41 7 21 49 18 34 32 20 25 48 5 19 1 36 8 39 42 12 9 33 26 13 23 11 43 17 4 27 37 6 46 22 14 15 29 16 24 35 3 28 30 40 0
23 33 29 5 27 49 41 11 18 44 14 7 3 17 31 34 46 47 25 22 38 8 19 39 6 13 32 1 43 21 36 48 10 4 20 15 12 37 28 9 45 30 42 40 0 35 2 24 26 16
44 37 23 29 25 4 1 11 34 16 46 33 10 38 5 0 17 26 48 6 45 24 36 27 13 20 12 42 40 14 30 19 21 32 47 28 9 39 31 41 35 2 8 15 22 3 7 43 49 18
35 6 34 30 28 3 42 32 8 41 47 19 0 13 36 22 10 39 5 24 33 1 40 43 7 44 26 49 4 17 23 2 25 38 27 29 9 31 48 37 18 21 15 16 45 20 12 14 11 46
22 41 38 2 8 37 45 19 20 16 33 48 23 28 12 5 7 25 29 10 32 26 44 17 4 0 34 43 31 42 49 35 14 46 6 47 13 40 30 1 21 3 11 27 9 18 39 24 36 15
28 35 22 5 7 34 24 8 46 47 31 9 48 17 1 39 14 30 11 10 13 44 16 20 43 41 32 18 2 23 21 40 29 4 38 33 36 27 49 42 3 15 19 25 45 6 12 37 26 0
22 28 15 47 21 46 26 17 30 32 7 0 38 31 23 13 6 45 11 49 48 24 29 19 35 33 41 12 25 20 18 9 40 39 2 4 36 5 44 43 1 27 42 3 34 14 8 10 37 16
24 9 15 22 41 11 29 40 42 45 49 26 7 1 0 28 47 13 3 18 27 30 44 39 33 10 46 32 12 23 19 34 5 35 6 37 14 36 20 48 8 16 21 43 25 17 31 4 2 38
19 1 41 33 10 3 31 35 44 12 9 16 5 8 32 45 43 39 49 0 26 20 14 15 6 28 30 18 11 46 38 27 36 4 47 34 23 13 40 25 2 29 22 24 42 37 7 48 21 17
15 46 0 12 7 36 44 16 6 19 43 47 4 17 20 38 49 14 23 9 11 42 29 31 25 2 18 5 10 22 35 8 28 48 30 26 32 13 39 1 40 21 27 33 45 37 24 34 41 3
32 42 33 45 48 5 8 10 37 18 22 4 28 6 24 17 12 9 35 47 30 3 11 2 13 27 26 43 46 14 40 29 23 19 31 21 39 49 16 34 1 41 7 0 44 36 25 15 38 20
15 26 7 34 20 22 49 18 19 44 40 3 16 43 48 5 35 27 2 39 0 33 6 36 21 29 41 14 28 23 37 45 10 4 38 17 9 31 24 13 30 42 1 11 32 12 25 8 47 46
38 32 34 16 45 20 44 4 46 21 8 1 6 14 49 19 40 43 13 0 24 7 22 25 5 23 36 48 17 3 37 39 30 26 15 31 11 18 29 41 28 47 33 42 35 9 2 10 12 27
49 25 33 26 21 46 18 14 20 5 7 1 4 27 37 29 44 35 24 13 28 11 41 10 40 17 36 2 16 19 42 31 48 45 0 15 8 32 23 39 34 12 43 30 6 3 38 47 22 9
24 21 38 23 10 2 1 5 4 31 20 48 12 32 27 14 25 40 15 41 11 3 30 46 8 19 44 0 43 49 34 37 36 9 33 45 17 13 16 22 39 47 26 35 42 29 6 7 18 28

16 13 21 49 45 35 27 1 36 3 7 39 37 43 42 41 17 25 38 44 10 33 12 14 47 23 24 8 5 28 32 15 0 40 29 18 6 30 34 26 2 20 31 48 19 4 46 9 11 22
0 14 48 17 42 3 31 39 25 45 23 13 44 5 24 9 15 20 26 21 16 46 27 12 37 8 29 33 22 49 47 2 4 36 19 35 28 43 11 32 6 40 34 41 10 7 1 18 30 38
16 20 1 25 12 0 36 39 23 28 29 43 27 26 3 48 30 6 45 47 38 34 40 2 17 15 8 42 14 5 31 10 7 22 49 41 13 11 46 19 32 44 21 33 18 37 9 35 4 24
21 5 19 33 49 30 40 42 48 37 39 3 46 17 47 45 2 0 9 12 4 26 6 22 7 41 11 16 34 27 15 44 14 18 31 38 29 32 24 35 23 10 28 43 25 20 1 8 36 13
46 24 48 40 36 35 10 20 47 39 45 15 22 23 16 25 41 38 32 37 3 1 0 2 12 13 43 44 27 5 11 31 19 26 29 21 8 42 9 49 6 30 4 18 17 33 34 14 7 28
41 44 26 48 5 20 19 13 11 8 36 49 22 23 37 46 45 42 47 4 39 0 6 15 10 34 7 27 28 1 17 9 3 24 29 18 30 2 40 16 21 33 12 14 35 43 31 38 25 32
2 20 32 21 13 36 39 38 1 43 31 9 15 8 10 23 37 33 16 27 0 35 34 26 22 29 17 46 18 7 5 19 24 30 47 45 11 41 3 12 28 40 4 14 48 25 6 49 44 42
39 8 36 26 49 44 25 30 28 37 45 5 0 10 27 41 1 46 43 7 48 35 32 42 31 14 23 29 47 34 11 6 9 24 12 15 3 2 4 38 20 17 19 33 16 22 40 18 21 13
20 29 18 40 49 2 47 21 1 42 19 37 41 34 15 25 0 16 44 7 6 14 45 3 35 43 31 23 10 32 17 27 26 22 13 33 39 36 38 30 12 5 24 8 48 11 9 28 46 4
30 13 3 36 22 26 18 41 23 25 45 47 49 15 7 1 35 16 2 24 31 46 33 28 6 10 19 27 48 20 14 12 39 37 0 21 38 11 17 29 34 5 44 43 40 32 42 8 4 9
26 22 47 42 21 39 7 2 48 23 8 29 16 1 20 43 28 37 44 36 35 19 12 10 40 38 4 5 30 14 25 31 13 18 0 33 27 41 49 32 34 9 6 15 46 45 3 24 17 11
46 15 37 19 21 41 14 40 29 34 32 49 42 38 39 28 35 10 4 20 5 1 17 31 9 0 30 3 47 6 45 44 12 48 27 25 13 7 33 43 26 23 22 36 16 11 24 18 8 2
38 10 20 3 29 34 5 31 7 21 22 18 2 9 42 6 28 15 4 40 13 39 30 35 11 37 26 8 16 36 27 45 17 46 32 0 49 43 44 14 47 41 19 1 12 48 24 33 25 23
47 39 16 13 40 38 33 1 8 0 29 45 2 48 3 49 19 35 11 34 23 17 25 41 4 46 21 28 43 7 30 24 14 9 26 32 12 42 20 5 18 31 22 6 10 44 15 37 36 27
39 16 27 45 10 48 17 31 1 18 43 38 5 23 0 41 34 22 46 42 28 32 14 37 36 30 49 7 21 8 25 13 12 35 3 20 15 24 19 6 33 44 40 9 47 2 29 4 26 11
23 14 21 31 17 35 43 10 5 37 28 38 9 41 32 0 20 7 44 16 3 15 19 39 42 40 30 2 12 27 29 18 1 49 36 48 6 46 13 34 45 25 33 47 8 24 11 22 26 4
29 9 33 42 28 3 41 24 46 48 21 19 30 31 49 12 17 22 37 10 45 34 8 38 36 39 26 2 44 47 4 35 6 32 40 14 11 43 18 23 25 1 16 15 0 13 5 27 20 7
14 39 35 34 2 4 41 19 46 0 7 1 48 24 9 44 32 15 3 16 45 5 22 47 6 33 30 13 21 11 42 49 23 37 25 20 28 40 43 17 8 36 27 12 29 18 10 26 38 31
33 48 13 2 35 11 19 26 41 5 14 47 34 29 23 46 45 22 28 17 30 4 18 8 16 20 44 12 6 49 25 1 38 9 32 0 40 36 21 39 3 43 15 42 27 10 24 37 7 31
42 11 21 41 49 40 47 23 17 37 43 46 3 28 8 16 6 14 5 22 24 15 38 39 35 30 13 4 7 18 29 31 36 20 2 26 48 1 12 19 25 32 33 27 10 9 0 34 45 44
31 15 0 27 47 45 44 38 17 36 23 20 37 42 40 18 28 6 49 25 43 46 7 24 34 32 11 1 3 48 16 9 39 26 22 10 14 30 35 41 19 5 21 4 2 12 29 33 8 13
18 19 43 7 47 20 15 0 40 1 39 5 45 27 6 4 14 42 17 26 12 16 34 3 13 41 11 38 21 46 29 28 35 2 49 48 25 23 10 30 37 9 31 8 22 44 33 24 32 36
35 18 38 37 40 47 3 44 1 17 49 15 33 5 43 31 34 41 19 16 25 32 14 39 22 23 13 26 7 0 42 10 8 2 45 6 30 20 29 28 27 4 46 12 9 21 11 24 36 48
20 28 14 35 22 3 21 42 38 15 41 43 39 10 32 45 33 6 48 12 26 19 23 11 2 18 9 30 17 36 40 13 27 8 1 0 44 16 47 37 34 5 46 31 49 29 7 24 25 4
21 45 25 3 43 22 27 12 32 19 46 14 20 37 35 36 30 4 29 0 13 33 41 24 42 31 7 34 39 1 38 2 10 5 49 23 18 6 40 28 17 16 44 26 48 8 9 11 15 47
33 15 8 11 10 20 46 47 36 14 1 32 6 18 45 27 23 3 30 35 19 4 41 29 0 26 7 9 42 43 5 2 13 40 34 12 22 31 38 48 21 16 25 49 44 28 24 17 39 37
39 8 49 2 34 18 25 9 1 40 20 42 16 45 3 19 36 13 26 33 31 27 43 23 4 41 32 11 44 37 14 10 17 15 12 0 47 46 21 22 29 28 5 35 48 24 38 6 30 7
1 31 12 49 23 14 21 26 28 2 0 25 38 24 41 40 37 33 3 9 8 39 35 47 6 36 7 43 42 10 45 27 17 19 44 34 5 11 48 32 18 20 4 15 46 29 13 16 22 30
5 46 17 32 29 42 12 7 49 19 40 34 47 27 39 15 25 28 26 36 1 23 45 43 6 41 30 11 18 20 4 44 10 21 35 31 22 13 3 24 14 0 9 8 48 37 2 33 16 38
26 31 20 1 35 39 15 0 10 8 27 13 22 30 44 29 40 48 36 7 21 38 3 12 41 11 34 45 25 5 43 46 2 49 42 28 6 18 24 14 4 33 16 47 17 32 37 23 9 19
3 44 45 40 38 4 39 46 33 22 1 6 16 14 47 23 15 49 48 20 7 2 17 18 35 27 8 29 21 0 42 34 9 12 26 5 10 13 36 11 37 25 30 19 31 24 28 41 32 43
35 31 1 6 11 40 9 38 42 13 41 37 5 45 14 26 44 16 43 7 36 29 19 47 49 20 21 33 23 4 32 34 17 25 15 18 2 28 46 8 0 48 10 30 39 24 27 22 12 3
1 35 34 36 11 33 41 0 12 14 26 5 48 47 9 30 3 42 49 7 28 31 16 25 23 15 21 19 10 2 40 38 8 27 17 18 32 37 29 4 22 6 46 13 43 24 45 20 39 44
41 7 30 18 49 33 21 8 11 3 13 6 5 35 36 25 31 40 26 9 0 28 15 10 42 48 27 37 19 46 45 16 17 20 29 47 34 12 44 23 24 38 2 22 43 39 1 4 14 32
21 37 6 9 39 35 24 2 27 43 3 47 18 11 23 32 25 33 1 49 22 12 42 4 15 7 28 40 26 34 19 48 46 31 45 44 36 17 16 38 30 0 10 20 8 29 13 41 5 14
29 2 10 41 42 39 46 20 5 34 3 27 31 19 1 24 12 14 36 32 35 25 0 18 43 49 9 28 11 40 22 47 33 4 17 48 8 30 15 37 21 38 16 6 45 7 23 26 44 13
6 27 40 26 48 12 25 16 23 8 39 7 10 30 2 21 28 15 46 42 9 43 29 33 47 31 17 35 1 20 38 44 22 41 49 18 5 45 24 14 11 13 3 19 36 0 34 4 37 32
20 36 8 32 24 5 40 46 35 30 41 31 3 45 0 49 2 38 48 21 39 33 14 4 6 27 13 23 28 12 10 15 17 7 11 1 37 9 25 42 22 47 34 26 18 29 16 44 43 19
43 41 2 49 8 39 29 45 27 10 0 19 24 4 36 5 21 3 14 47 46 7 22 20 37 12 44 16 25 6 31 11 9 38 28 33 48 18 42 30 35 17 15 1 26 40 23 13 32 34
33 16 29 5 17 19 4 30 36 35 18 25 1 22 13 45 8 7 34 46 23 47 48 49 15 32 11 14 44 0 37 9 10 28 20 2 39 27 40 26 24 41 12 38 3 6 31 43 42 21
0 2 37 12 29 38 6 48 10 21 33 41 46 26 31 42 36 4 7 9 16 32 18 1 14 20 17 28 43 13 34 44 39 8 25 15 27 45 5 19 40 3 30 47 24 49 11 23 35 22
26 34 38 22 44 13 32 4 23 21 7 49 45 24 2 30 17 9 1 5 10 47 41 19 18 14 11 0 37 3 31 46 15 39 35 12 8 20 48 43 28 29 36 25 6 40 16 42 33 27
8 20 16 39 7 4 37 41 11 38 42 36 49 25 6 32 45 24 34 23 46 5 48 10 1 44 22 14 40 12 21 35 0 33 30 31 28 17 15 29 19 9 47 18 2 26 43 27 3 13
14 25 10 22 37 19 13 40 3 27 29 20 24 16 36 0 35 2 49 17 21 18 39 23 28 41 30 47 5 38 4 45 43 1 9 7 8 46 44 32 15 26 48 33 42 11 34 6 31 12
20 17 1 21 0 42 35 40 44 13 2 8 9 46 49 45 36 34 4 30 22 41 3 25 7 27 14 31 23 33 24 18 11 43 19 26 12 15 47 29 10 5 38 32 6 48 16 39 28 37
40 15 9 21 47 0 16 35 18 28 39 5 4 41 32 46 8 43 29 30 37 7 23 49 20 17 1 11 19 33 45 34 36 10 44 25 31 38 26 14 27 13 12 48 24 6 22 42 2 3
22 18 14 49 21 42 5 17 8 37 48 6 43 0 26 32 28 12 47 38 9 25 1 13 45 27 24 39 36 34 11 29 10 23 31 41 44 15 33 7 4 30 35 46 3 40 20 16 2 19
46 16 42 5 0 48 6 24 40 41 39 27 36 23 9 45 18 1 10 31 37 47 19 33 11 15 22 14 17 32 26 38 21 29 25 2 44 43 7 12 4 35 30 28 20 8 49 13 3 34
7 10 28 20 12 49 4 43 40 1 19 36 9 15 27 5 16 32 24 35 47 45 6 34 26 29 3 0 44 13 39 33 38 37 14 23 41 11 22 46 25 42 30 17 21 31 2 18 48 8
1 48 49 36 37 31 38 16 14 5 12 23 21 42 28 11 18 22 43 2 3 26 30 29 33 41 0 25 34 13 40 19 44 20 8 10 17 24 45 27 39 9 46 6 15 4 35 47 32 7