100
19 88 70 45 52 78 98 58 34 42 94 32 24 73 33 51 30 79 90 27 76 23 37 0 87 91 6 99 49 40 82 89 56 10 66 16 50 46 26 48 72 5 17 41 61 4 20 86 65 59 62 92 15 13 74 11 85 21 71 67 93 36 38 69 3 22 18 1 95 81 29 97 60 25 64 68 7 96 9 44 57 55 39 28 14 83 80 35 54 8 12 47 63 77 75 53 43 84 2 31
4 51 17 40 36 96 8 88 5 82 68 15 52 97 13 93 99 74 27 89 29 83 86 20 65 72 56 19 10 55 78 48 30 70 39 14 47 12 54 38 67 61 57 81 66 31 26 7 41 44 80 50 25 37 95 2 32 1 73 85 91 64 84 11 9 34 87 63 90 16 49 3 59 23 43 24 33 53 75 6 0 18 58 28 98 76 35 60 21 71 79 77 22 46 92 94 69 45 42 62
42 69 3 50 17 90 91 49 72 38 41 87 45 23 62 8 94 65 67 29 9 1 57 66 48 19 74 56 83 25 37 63 70 47 89 28 5 86 32 33 51 52 75 78 54 77 44 36 39 92 12 7 88 61 2 6 59 98 10 21 13 24 35 80 55 82 64 14 40 16 81 34 4 27 11 97 53 95 60 26 96 18 93 0 84 46 85 79 58 31 20 15 43 71 22 73 30 68 76 99
32 75 82 16 29 1 14 67 49 68 28 76 94 74 36 13 7 39 65 20 77 9 85 2 57 58 93 62 24 84 25 15 99 41 73 10 46 40 80 34 69 3 42 31 12 38 55 87 66 78 27 18 51 59 98 26 60 71 97 95 56 6 96 44 64 50 33 61 21 70 0 90 19 86 47 5 35 8 45 54 63 4 48 79 81 91 83 23 22 92 88 52 11 30 43 37 89 72 17 53
1 90 76 69 94 8 29 22 13 43 85 74 24 62 60 65 54 21 42 15 12 46 31 80 57 27 9 56 88 63 39 87 91 53 97 36 44 61 26 50 38 64 96 4 77 72 89 98 3 66 83 20 82 17 0 37 19 67 81 58 10 33 41 75 16 34 95 71 59 70 79 30 23 47 84 52 5 2 68 99 55 35 93 7 18 28 49 25 51 92 32 78 11 86 48 40 6 45 73 14
64 18 10 9 25 33 2 74 43 13 42 8 20 24 34 90 4 3 69 45 17 39 21 48 65 85 23 67 70 41 15 30 44 26 61 58 55 56 36 92 47 94 12 93 35 83 75 31 7 14 77 82 50 57 40 88 27 51 54 63 73 79 87 6 22 38 53 16 66 1 28 97 99 91 68 29 84 5 81 49 59 62 76 46 32 0 80 96 86 11 89 60 71 37 52 98 19 95 78 72
13 45 61 68 95 75 43 1 14 7 83 82 57 91 74 86 18 79 78 24 55 20 36 48 33 42 32 65 60 15 98 2 29 0 46 23 10 47 63 25 3 37 44 77 88 58 8 89 16 21 64 96 27 66 72 26 51 54 11 62 28 97 99 70 85 71 90 87 69 19 38 22 17 93 49 67 30 92 34 31 50 9 56 39 5 81 41 80 6 59 53 84 73 4 40 35 76 94 52 12
59 82 1 97 2 85 42 48 4 57 10 68 90 56 62 98 54 69 73 32 51 61 3 89 40 16 36 22 11 71 7 25 20 91 27 23 75 94 19 38 33 79 65 43 14 64 17 84 86 96 39 34 72 53 5 92 29 80 35 52 60 78 6 9 81 50 76 93 13 31 87 37 8 41 95 49 15 63 21 47 58 88 46 0 44 12 18 74 77 45 30 70 26 24 66 67 99 83 28 55
11 42 58 82 71 17 45 92 20 19 22 31 96 9 59 62 36 13 26 74 67 34 73 94 2 84 65 37 54 40 87 79 76 0 66 77 23 91 43 46 27 81 7 60 38 85 89 70 80 95 53 83 24 98 57 5 12 72 52 21 18 90 97 6 25 29 14 30 49 10 75 1 99 68 39 15 88 47 16 93 32 28 86 48 63 50 4 51 56 78 41 61 69 64 44 33 3 35 55 8
5 48 61 62 51 24 9 19 92 96 60 76 69 75 36 22 64 89 21 25 38 7 54 16 43 52 58 41 42 44 97 11 49 20 13 3 26 53 94 32 79 95 98 8 68 70 93 99 15 66 86 2 77 82 81 39 72 18 28 6 0 59 50 4 30 67 91 83 37 47 87 1 34 84 40 46 65 73 31 33 56 10 71 45 78 27 55 90 63 14 80 29 85 88 17 23 57 74 12 35
72 15 16 83 34 32 46 37 7 18 58 98 50 53 20 2 59 90 78 88 68 24 87 71 40 65 93 89 51 52 49 25 79 47 19 63 43 6 1 27 33 75 77 5 99 84 3 62 10 13 9 11 0 8 66 55 14 69 96 85 39 29 48 76 81 28 4 94 38 80 67 56 95 26 61 12 17 54 74 82 44 60 86 41 57 22 31 92 73 45 70 35 64 97 23 21 36 42 30 91
84 82 83 52 58 46 98 11 50 15 87 77 71 72 23 43 78 16 67 49 61 21 99 68 96 47 32 20 8 2 62 86 48 54 89 55 30 41 33 1 9 37 24 19 79 13 57 66 75 90 6 25 26 85 69 64 81 60 51 17 44 42 10 40 95 7 59 73 27 76 80 70 45 91 74 88 34 56 92 3 35 18 0 97 93 53 65 38 14 36 29 31 63 39 5 28 94 22 4 12
44 97 68 85 9 74 76 94 41 71 84 65 64 32 20 22 26 95 90 55 10 23 2 40 25 5 70 66 77 7 98 72 33 15 46 80 39 54 24 36 75 83 96 63 92 19 43 12 35 38 51 17 86 91 93 27 56 13 18 99 58 48 49 79 57 34 82 67 53 78 11 1 88 52 60 87 59 45 29 50 0 28 89 81 8 21 14 37 47 31 62 4 3 6 16 61 30 42 69 73
30 59 37 77 38 55 54 71 69 42 40 61 76 45 89 4 73 49 78 50 14 26 48 98 79 23 41 72 63 20 2 67 36 51 7 81 16 10 33 43 74 53 99 27 3 93 25 68 46 35 95 94 39 18 5 34 87 28 44 88 96 70 58 24 62 17 1 57 21 11 9 92 83 90 15 80 13 8 91 29 31 12 0 22 52 19 84 32 85 86 65 60 64 82 56 97 47 66 6 75
2 76 85 90 80 7 54 20 75 14 10 67 50 64 63 69 0 88 91 94 37 51 39 71 97 77 95 73 65 82 19 32 55 17 70 1 49 81 9 83 57 44 68 41 26 61 47 42 58 24 98 38 6 56 46 72 33 79 53 86 52 23 8 3 87 43 35 31 92 34 25 13 5 99 59 30 74 36 84 40 62 18 89 93 45 78 29 12 96 28 22 4 15 11 27 48 66 21 16 60
27 94 17 96 92 29 69 56 98 82 71 6 41 33 10 99 4 37 20 1 63 83 81 15 42 67 30 21 66 16 75 31 8 28 24 86 77 70 40 9 64 3 89 35 68 53 45 88 49 87 95 93 38 52 65 62 43 22 34 80 58 0 32 12 7 13 60 90 55 74 78 72 5 23 11 47 76 85 97 19 25 14 44 73 18 2 50 39 91 84 57 59 61 51 46 48 26 79 36 54
55 81 71 52 31 18 25 30 17 10 63 9 70 66 53 88 58 40 3 65 68 5 41 39 89 49 74 38 51 34 72 22 60 75 94 73 56 27 47 21 96 78 92 23 19 61 28 83 84 67 91 11 42 97 2 54 24 45 93 62 13 14 64 95 20 57 33 99 43 76 4 35 46 37 50 16 15 85 7 32 98 86 8 90 80 44 1 87 69 6 82 77 79 29 36 12 0 48 26 59
66 10 5 17 34 90 4 87 70 36 68 63 2 56 88 86 72 78 35 32 41 52 89 19 29 94 15 48 31 97 58 60 1 28 11 18 38 55 59 80 83 62 7 67 85 71 95 61 0 43 93 20 76 6 33 8 50 37 14 96 42 51 44 57 22 53 9 30 91 65 16 27 75 24 82 49 99 25 81 45 3 54 73 46 39 79 92 12 64 40 74 98 84 47 21 13 26 77 23 69
26 17 54 47 3 40 50 72 1 86 33 76 11 44 59 48 5 71 74 52 84 64 87 90 93 70 98 28 24 77 18 51 9 6 20 69 37 10 13 68 65 2 92 62 79 12 21 61 30 16 89 0 80 83 34 56 94 41 36 49 15 91 67 23 4 78 82 46 88 27 63 66 7 22 39 53 25 99 35 81 55 75 14 96 58 95 32 73 97 60 19 85 45 43 57 8 42 31 29 38
25 26 41 97 98 39 46 1 49 87 76 73 84 28 15 38 36 7 37 57 70 33 17 42 27 95 44 6 29 86 63 91 40 60 65 90 8 58 68 31 85 93 32 94 92 21 23 30 12 72 88 83 62 24 55 96 3 48 77 19 89 52 10 82 34 35 54 43 0 56 74 2 64 61 47 9 75 59 18 13 69 53 50 4 51 14 22 79 81 78 5 99 66 67 45 80 11 71 16 20
62 25 92 31 55 6 53 59 76 33 72 21 58 67 66 13 57 51 39 18 80 48 95 64 2 84 1 60 38 63 12 15 87 61 91 82 46 27 10 98 75 20 35 29 99 36 26 78 42 94 11 40 88 24 16 79 32 7 5 43 41 28 74 56 89 47 71 0 68 9 23 54 37 14 97 86 34 52 90 3 65 30 81 73 50 83 96 17 45 77 70 69 19 8 22 44 93 4 85 49
97 84 42 54 65 77 24 89 46 85 31 60 94 26 8 43 44 19 45 40 55 63 86 80 33 71 32 66 64 61 81 11 12 30 36 2 28 90 74 75 78 98 95 51 96 70 23 79 5 34 10 82 29 25 73 57 16 47 50 7 67 87 3 22 17 68 56 69 21 93 35 58 53 72 76 92 18 9 0 37 4 6 14 49 88 38 52 99 1 39 59 13 41 20 27 91 62 15 48 83
39 63 77 24 79 91 7 86 4 95 75 49 82 51 83 81 22 65 36 27 32 69 23 30 28 99 67 60 41 50 2 13 58 48 3 43 54 62 80 14 8 6 96 53 0 56 25 71 64 89 92 74 61 42 5 31 33 37 19 87 40 29 84 11 66 98 35 76 68 18 94 17 90 12 44 55 21 46 16 45 47 26 85 78 34 70 73 88 1 59 15 57 97 52 72 20 38 9 93 10
34 20 44 10 8 72 47 58 77 17 45 71 85 75 54 90 18 9 96 78 50 74 67 21 49 99 43 1 57 89 64 48 91 5 3 32 33 37 81 12 27 62 36 69 73 68 55 60 31 4 29 25 94 30 82 98 84 2 93 76 7 92 83 22 40 80 15 97 24 65 88 52 26 38 6 86 87 53 61 23 35 95 19 11 63 46 79 59 51 14 13 42 16 56 0 41 66 70 28 39
94 80 11 39 26 73 57 10 76 90 33 65 15 74 95 83 21 13 55 52 96 44 59 4 2 12 6 18 24 71 68 29 58 37 25 89 35 31 32 60 61 27 34 14 84 38 91 54 19 47 46 20 16 78 53 82 86 99 72 93 97 22 23 43 17 63 69 50 8 30 87 7 5 42 67 9 77 98 56 3 51 79 85 1 88 0 70 36 28 81 92 66 40 75 64 45 49 41 62 48
5 54 17 44 7 13 14 81 34 88 89 11 99 27 46 51 69 85 20 33 64 1 18 43 42 56 61 73 45 67 94 80 70 77 76 78 32 98 93 82 87 90 65 12 55 68 52 37 38 19 74 49 30 6 22 96 26 62 75 84 2 29 95 40 71 21 59 9 60 25 15 28 50 86 47 23 83 91 24 41 16 92 79 39 57 31 3 66 58 53 8 72 36 35 10 97 48 0 63 4
82 40 84 4 83 77 2 7 95 63 18 67 42 80 61 38 13 0 86 66 59 55 68 53 20 11 6 72 73 8 21 35 10 90 56 25 93 27 76 52 32 92 41 34 54 87 9 14 96 75 71 33 23 49 19 97 43 3 94 16 28 47 48 51 89 17 12 88 79 44 15 62 30 36 29 57 5 69 64 99 39 46 98 45 85 31 74 1 24 50 37 58 60 70 91 81 65 26 22 78
60 78 79 95 25 52 64 68 54 28 89 11 42 3 66 59 43 22 91 73 16 88 41 4 13 72 9 14 46 23 18 82 19 2 58 45 44 97 51 81 34 74 53 26 38 31 80 49 15 5 50 24 12 27 56 75 98 40 67 84 63 77 94 65 7 35 20 33 90 30 1 85 87 96 47 55 69 0 83 92 76 6 70 32 71 99 17 36 39 57 10 86 29 62 61 93 37 48 8 21
88 96 83 67 70 74 40 92 97 33 16 61 29 4 66 99 48 20 80 69 45 56 18 95 17 84 49 68 72 37 25 58 94 34 41 57 75 87 31 85 15 0 50 10 65 54 1 14 81 13 73 89 42 52 7 12 90 53 23 30 38 60 36 9 44 47 63 43 79 8 64 21 71 22 2 98 24 86 93 91 19 55 27 78 76 62 39 59 11 46 26 5 3 77 32 6 82 28 35 51
76 34 50 95 53 84 22 47 45 32 42 23 33 72 88 6 38 39 40 55 10 44 29 94 0 5 61 66 51 35 37 89 82 12 27 62 67 96 78 87 21 15 7 86 58 56 11 69 74 13 24 81 20 92 49 60 63 8 4 26 30 57 99 43 79 19 2 54 16 85 28 14 91 59 68 90 64 70 93 80 83 77 17 25 97 31 52 75 9 36 98 41 46 3 18 65 48 71 1 73
54 65 20 91 63 90 56 28 41 93 9 43 19 51 45 85 4 16 97 14 1 73 83 25 47 66 77 87 94 58 37 24 18 10 22 32 34 68 49 26 92 60 0 59 50 71 79 57 48 62 33 8 6 27 98 99 82 35 81 39 69 31 72 7 84 38 12 55 17 75 89 42 61 30 23 21 46 67 40 52 13 2 3 86 11 44 95 15 78 53 70 29 5 88 96 36 64 74 76 80
25 78 80 7 54 88 75 91 22 98 45 64 60 6 51 43 59 5 29 47 16 92 93 20 48 81 0 10 70 86 90 46 77 26 96 71 33 73 53 14 56 68 41 89 87 37 3 30 44 19 67 82 15 35 62 55 83 85 1 99 74 34 84 31 49 28 50 63 76 11 40 72 61 13 38 42 18 17 66 2 95 94 39 69 24 23 4 58 57 97 52 32 9 21 27 79 12 36 8 65
91 40 76 8 63 60 44 32 89 48 57 22 64 83 33 51 84 68 23 72 9 65 16 74 96 77 14 18 37 4 82 75 80 97 47 66 10 29 71 13 12 93 21 54 62 73 3 59 6 67 85 38 79 43 78 86 87 24 61 35 2 45 95 81 46 99 92 17 41 7 25 56 50 20 34 98 28 27 69 52 30 15 26 90 88 5 1 0 36 49 11 42 53 31 70 39 19 55 94 58
60 41 10 29 80 89 25 19 56 24 97 8 86 7 83 82 69 1 58 17 42 33 79 57 32 88 70 0 96 49 14 3 45 75 68 84 74 91 90 18 16 78 51 2 54 71 87 67 59 73 94 77 20 92 61 85 21 11 38 27 53 39 93 72 50 99 47 36 6 81 5 23 37 44 62 46 40 22 34 76 31 55 43 15 63 65 52 28 95 13 66 4 26 98 64 9 30 48 12 35
15 53 37 96 67 71 77 32 3 25 18 60 52 7 59 14 43 74 58 64 42 29 75 98 80 83 11 46 72 78 97 86 0 55 49 20 54 76 57 6 39 68 22 91 93 47 81 5 12 66 63 19 70 31 50 17 9 36 28 88 4 73 21 84 89 24 13 45 51 95 65 23 30 56 34 40 79 33 41 87 85 26 62 92 61 10 2 16 27 94 1 69 8 82 44 90 38 48 35 99
84 26 33 46 89 68 59 37 70 43 38 22 91 52 0 83 30 86 4 50 66 65 76 82 6 85 44 3 58 2 10 17 90 5 35 40 93 74 48 27 19 11 78 47 7 94 92 20 79 45 39 31 81 98 63 56 97 25 96 23 87 60 75 1 28 32 18 41 99 16 42 61 13 34 29 57 21 80 54 36 64 55 72 9 62 14 73 67 77 49 51 12 24 8 69 88 95 53 15 71
48 7 66 54 19 93 33 65 76 42 64 34 11 59 38 75 46 13 91 53 4 60 9 24 44 43 71 39 2 81 16 89 84 56 21 32 35 67 72 92 5 80 41 31 62 18 79 29 82 20 52 14 88 99 50 8 12 22 63 96 28 90 0 40 23 85 10 68 37 36 55 57 3 86 26 30 61 51 73 87 77 70 49 83 98 25 17 78 15 94 1 95 47 27 45 97 6 74 58 69
82 30 39 45 44 55 65 34 62 5 67 29 51 48 53 18 94 66 16 90 61 17 95 13 0 7 23 1 72 98 77 32 52 87 88 75 36 22 6 64 42 46 20 3 59 56 76 85 70 57 43 84 24 91 93 80 79 54 8 74 71 11 31 12 27 73 47 25 92 19 58 28 21 96 63 33 50 41 86 78 35 10 14 69 37 40 60 89 49 83 38 26 68 99 2 81 4 15 9 97
18 23 47 84 78 87 3 45 79 19 12 4 64 68 54 46 0 32 50 65 1 51 81 9 75 98 27 38 95 24 72 17 35 28 37 56 13 14 67 91 74 7 48 5 59 57 49 89 53 88 92 25 16 66 90 76 29 93 31 52 85 20 15 60 34 73 55 33 86 22 2 10 77 36 8 58 21 82 97 69 83 11 44 40 71 63 30 70 42 61 41 26 80 94 62 43 99 96 39 6
22 54 14 57 64 76 24 48 35 16 82 79 73 46 86 7 98 56 31 27 88 3 81 89 42 36 20 37 92 99 50 80 60 68 19 30 78 34 83 52 96 9 15 87 55 77 25 26 17 43 38 58 59 51 0 8 45 11 2 32 10 41 61 72 1 4 49 44 91 97 12 95 40 33 63 21 47 18 13 28 6 67 94 53 85 71 69 29 84 65 5 90 74 70 75 93 23 66 62 39
17 27 45 21 82 25 69 97 29 43 4 35 88 36 58 67 20 77 11 2 70 98 3 76 62 32 92 53 52 1 31 95 75 79 54 44 5 51 48 99 22 10 15 93 13 41 33 89 34 74 59 81 50 39 80 37 86 91 83 61 56 47 73 57 49 8 55 78 16 90 38 46 84 63 23 65 28 26 96 12 64 68 0 19 87 6 66 18 71 42 14 24 72 7 94 60 9 30 85 40
32 20 37 16 50 99 17 65 53 73 91 19 47 76 88 71 9 78 13 21 63 90 87 10 26 72 74 64 43 79 6 66 80 51 59 25 12 46 38 2 85 68 39 81 0 24 61 14 42 82 49 4 86 29 41 45 36 48 60 94 22 93 56 31 44 97 70 57 1 33 23 18 67 77 89 8 35 11 95 3 92 15 98 58 54 62 27 83 96 7 34 52 69 30 84 28 75 40 5 55
43 22 10 32 97 62 90 50 34 36 45 79 41 42 76 91 11 12 68 17 25 44 7 56 38 27 53 40 51 0 15 30 5 87 63 78 48 16 57 70 96 64 58 24 81 1 61 67 9 14 74 55 2 20 8 47 35 13 21 85 4 19 95 93 33 3 88 94 66 75 18 82 59 71 99 92 77 31 6 83 65 84 46 39 49 86 29 80 23 54 98 72 37 73 28 26 52 60 69 89
34 50 1 87 65 63 18 43 98 88 38 5 36 94 14 56 60 35 79 2 22 57 89 49 46 64 42 29 26 59 96 70 0 13 67 3 80 11 75 44 41 19 90 25 40 77 76 68 45 28 52 55 69 21 84 78 95 83 92 39 37 53 61 15 23 73 66 10 74 30 27 71 9 12 31 51 86 24 32 81 58 93 97 17 7 33 48 20 91 99 82 47 16 8 6 85 4 72 54 62
63 36 64 77 30 84 26 94 45 96 88 33 37 22 55 24 58 51 25 92 65 56 72 50 40 97 14 39 19 48 75 6 83 8 79 99 13 10 12 81 82 20 16 0 35 54 78 71 9 59 87 86 29 7 73 76 70 52 43 60 89 53 66 38 46 15 80 28 3 49 18 47 62 42 68 41 2 95 34 23 4 91 21 90 69 17 31 98 85 1 5 57 11 44 67 74 93 27 61 32
11 30 47 69 31 17 20 42 99 55 90 87 19 5 63 77 96 78 6 10 28 37 26 35 82 91 89 88 44 40 93 51 45 4 46 70 8 79 12 25 68 74 27 14 76 94 0 7 41 85 23 21 13 86 84 52 66 50 73 29 48 1 53 83 59 67 22 81 71 61 95 57 98 97 34 80 33 60 24 16 15 43 64 72 9 92 39 54 38 58 3 32 56 49 2 62 75 65 36 18
98 28 82 49 69 88 15 31 14 85 96 27 93 84 16 87 63 20 64 39 74 80 70 30 29 40 42 36 54 34 17 37 26 41 97 83 81 38 8 66 59 79 21 95 48 22 86 58 18 73 4 19 25 9 75 99 43 0 7 11 32 6 78 47 51 45 12 5 71 89 55 67 50 65 24 61 1 94 56 2 77 68 90 13 53 92 60 62 35 23 76 46 52 72 3 91 10 57 44 33
68 12 62 85 23 39 57 81 63 53 83 20 13 74 76 34 65 92 98 64 37 50 47 25 15 11 4 27 69 82 78 30 17 46 44 6 10 72 93 28 73 67 75 14 3 24 90 35 66 91 9 60 96 31 86 54 16 48 95 21 61 19 52 36 71 94 97 45 8 5 56 1 51 41 59 38 70 79 18 43 87 42 7 2 88 22 89 49 26 77 84 33 40 55 29 32 0 80 99 58
80 27 72 53 64 11 18 59 34 58 54 10 92 78 14 15 23 30 57 91 75 96 63 16 98 97 74 79 50 90 49 62 99 77 22 71 86 68 52 35 67 76 36 44 29 81 51 17 25 43 48 32 60 7 85 28 33 70 40 45 9 26 37 2 5 42 13 19 56 1 0 4 55 3 61 24 47 93 21 38 89 94 66 73 41 87 6 95 69 39 84 46 12 82 65 31 83 20 8 88
76 31 41 97 77 47 3 58 0 78 45 38 11 46 21 23 99 2 98 52 80 22 69 43 7 74 70 17 6 14 49 63 32 95 24 27 28 19 66 92 36 20 84 81 94 42 26 75 50 91 40 5 64 88 37 10 16 18 73 85 15 83 53 13 35 57 54 59 4 29 72 30 62 68 1 55 65 12 25 39 90 48 61 60 79 82 51 86 93 34 33 87 67 9 8 44 56 71 89 96
26 37 80 73 10 61 84 77 70 66 34 79 15 32 64 13 98 92 18 81 6 7 22 91 86 51 74 78 60 54 12 8 38 36 95 71 67 31 33 27 1 93 40 87 43 69 0 99 39 3 59 9 50 48 11 5 16 68 85 97 83 96 28 47 49 65 35 42 19 58 24 90 72 21 76 20 23 88 62 17 45 29 41 94 14 25 57 75 46 63 53 4 30 2 52 56 55 82 44 89
0 49 13 95 64 42 96 36 6 19 27 21 50 66 14 77 84 81 5 62 63 10 12 40 82 78 25 98 91 74 1 23 92 83 47 73 51 54 57 16 33 35 94 85 72 75 46 99 56 61 39 89 88 3 93 80 4 70 68 69 87 67 9 79 2 11 41 71 28 8 43 65 17 24 86 26 97 90 15 44 34 55 31 37 18 58 53 76 30 20 45 60 38 7 59 29 22 48 52 32
73 72 30 29 87 25 43 48 71 96 15 65 8 59 97 77 57 26 52 54 46 20 83 32 66 90 23 50 85 99 53 9 16 41 10 40 42 93 56 95 64 82 51 17 55 3 45 80 98 5 37 70 67 18 22 4 49 14 0 44 34 33 61 86 76 38 88 1 68 2 94 36 12 58 60 13 11 84 31 63 79 19 78 7 35 47 81 39 69 74 6 92 75 24 28 27 21 89 91 62
92 52 61 23 33 88 48 44 36 14 60 70 30 53 49 10 9 46 99 84 7 51 89 94 4 6 90 96 3 66 2 97 58 29 43 35 80 62 19 67 83 16 79 76 12 1 63 82 98 77 11 45 40 93 17 68 86 27 39 22 95 47 72 87 41 78 71 85 91 38 21 50 24 74 25 55 42 5 13 37 32 20 56 28 69 8 59 64 18 26 34 54 0 75 73 31 57 65 81 15
41 21 16 72 27 7 43 66 35 84 81 97 67 5 69 4 53 15 22 87 78 29 52 32 57 37 1 26 77 18 33 44 64 61 46 79 58 63 13 51 71 48 76 2 75 95 65 73 40 10 23 91 94 92 25 49 98 96 9 55 60 34 12 88 86 99 42 47 74 17 14 83 20 36 80 89 82 59 0 38 62 19 30 31 6 39 56 50 28 54 68 70 85 3 93 90 8 24 11 45
87 67 29 35 38 47 48 24 58 70 44 45 21 94 46 76 12 13 82 17 59 88 41 1 42 85 81 53 26 25 60 72 31 54 9 66 91 51 90 50 99 15 98 18 11 84 22 39 33 86 95 40 64 20 75 63 8 16 6 71 73 4 69 27 7 78 43 68 74 62 2 34 57 30 37 93 61 49 55 28 56 96 36 79 97 19 80 65 83 10 14 89 3 32 5 23 0 52 92 77
89 72 92 45 34 11 97 84 59 1 99 78 7 31 54 76 48 81 32 63 71 29 3 37 36 60 57 9 74 80 18 14 8 47 21 51 12 27 56 68 44 25 75 42 24 70 39 38 96 15 16 94 73 10 55 93 67 26 0 85 40 98 62 22 79 41 64 91 23 30 6 88 77 17 33 13 87 66 49 35 20 43 69 58 2 82 83 52 65 5 53 61 19 4 86 90 50 46 95 28
64 39 58 33 78 63 69 18 20 66 97 72 61 25 30 92 52 2 46 19 67 4 71 26 99 41 62 28 9 16 81 42 93 27 22 56 36 8 82 24 80 74 10 50 84 95 7 68 89 40 91 59 88 85 53 47 86 6 49 73 32 5 90 45 38 35 11 54 1 3 87 51 37 14 29 31 79 75 65 96 34 0 55 83 43 15 13 76 44 77 21 60 94 48 70 17 57 98 12 23
23 29 57 76 79 40 86 77 0 96 97 6 2 9 39 80 22 92 46 11 37 27 18 26 78 16 98 62 74 5 70 43 20 19 35 93 64 3 28 91 49 47 56 34 94 13 17 53 71 75 85 68 33 69 63 31 38 60 1 48 12 59 52 61 8 25 72 58 65 95 50 54 21 51 4 45 55 73 7 87 88 30 82 42 89 24 90 15 36 67 81 32 44 41 84 10 66 14 99 83
42 27 50 48 72 93 3 2 11 10 46 0 70 88 90 98 65 68 89 36 85 30 67 4 62 53 52 9 76 87 83 51 74 86 38 6 45 80 20 35 99 41 14 58 57 54 18 39 8 16 24 66 23 78 71 33 7 61 73 32 91 40 29 44 12 82 56 55 5 60 28 69 63 94 84 64 95 97 34 17 13 49 59 81 47 75 21 25 31 77 96 26 19 43 79 15 1 37 92 22
43 42 99 89 7 0 64 52 68 55 18 95 60 32 26 24 30 53 62 47 19 17 97 77 5 49 8 33 76 66 15 29 2 20 12 63 93 81 41 82 92 69 51 11 14 91 70 23 10 6 61 39 48 96 78 3 25 40 13 59 56 4 35 1 50 27 71 28 67 54 86 84 83 36 94 72 65 87 44 46 31 73 37 58 85 16 45 34 57 21 80 98 90 38 74 79 88 9 22 75
1 20 59 67 47 13 88 41 4 9 81 12 48 34 38 87 32 96 93 62 23 84 99 55 19 71 18 40 73 60 49 15 65 95 98 11 45 66 74 79 35 51 42 94 2 69 54 68 78 91 56 53 82 8 24 46 77 21 31 36 92 52 83 90 28 26 97 85 76 27 3 43 75 0 5 29 50 10 72 89 61 30 6 70 16 86 64 63 25 44 7 37 80 22 14 58 39 33 57 17
97 44 22 16 21 36 63 93 81 41 13 10 55 19 15 90 6 38 47 66 72 8 5 27 76 3 23 34 99 12 88 18 85 31 53 68 2 98 28 17 37 39 50 32 77 49 52 71 43 24 80 73 35 78 60 70 0 96 20 4 65 9 42 29 75 57 87 14 83 79 58 51 40 89 95 7 33 74 59 86 61 82 46 92 67 64 48 94 11 25 26 30 1 69 62 45 91 84 54 56
43 90 78 5 29 46 6 68 31 45 30 71 41 96 18 53 19 83 89 81 47 33 35 37 9 77 32 70 73 94 62 16 93 48 40 51 59 50 1 76 54 63 28 56 14 52 22 10 65 24 79 34 80 74 82 64 49 7 67 91 3 97 27 15 39 2 87 92 88 86 0 12 20 36 21 99 98 84 75 58 13 95 55 57 26 69 8 17 66 23 72 60 42 85 4 11 61 38 25 44
28 79 41 45 38 37 70 53 87 34 64 91 75 92 1 63 80 18 13 67 90 66 9 86 27 31 44 58 48 0 29 5 89 49 3 81 43 39 50 57 42 12 33 78 56 76 71 2 83 16 36 69 32 8 93 51 74 25 95 24 96 98 62 7 14 20 4 65 88 59 47 10 72 97 68 26 99 35 73 6 60 84 11 46 17 82 54 30 94 23 85 19 52 15 55 22 40 61 77 21
85 83 48 63 22 56 57 46 5 9 10 26 12 96 40 90 13 55 16 67 49 43 61 93 17 20 80 82 69 72 66 91 37 33 60 24 7 47 15 42 51 59 3 62 71 75 95 94 23 27 98 73 21 14 29 28 99 84 88 74 53 8 0 39 50 45 32 81 25 11 68 31 79 18 92 1 4 78 19 44 6 89 87 64 36 52 30 58 54 38 41 76 77 86 65 70 35 2 34 97
3 15 23 56 64 22 33 20 5 62 11 25 7 21 0 78 6 38 80 39 52 41 2 28 81 59 63 69 90 47 48 19 1 73 18 60 24 42 13 49 30 43 88 46 17 9 27 87 75 86 98 54 84 77 70 32 14 10 71 72 97 16 66 51 89 53 8 50 31 29 79 99 40 12 68 57 82 55 76 95 35 45 92 36 44 85 93 83 61 67 65 34 74 94 96 37 26 58 91 4
76 60 79 42 69 34 92 57 65 14 38 82 80 72 39 59 8 84 32 4 30 98 61 2 88 71 1 10 74 75 5 31 64 13 3 53 83 62 36 66 45 23 12 85 26 50 24 86 95 90 93 41 55 40 44 25 19 94 21 9 27 67 0 35 7 33 37 51 18 87 43 48 6 89 46 81 15 68 58 29 63 54 49 96 22 70 28 47 97 52 16 99 91 77 17 56 78 11 20 73
89 71 84 80 53 8 66 69 47 63 13 94 91 23 97 60 9 75 16 3 50 30 11 15 74 81 28 59 7 37 14 70 78 22 48 6 96 56 46 36 61 1 27 73 93 77 26 88 25 68 64 83 54 51 72 40 2 39 20 62 99 90 85 58 95 45 34 12 55 76 41 82 42 17 5 35 18 0 65 29 57 49 79 44 21 24 31 19 43 92 98 33 38 4 32 86 52 67 87 10
9 46 74 67 68 17 62 96 3 47 64 8 18 11 60 90 78 61 88 94 32 52 49 41 56 81 97 21 12 77 69 16 82 38 19 75 65 99 84 51 26 6 20 25 39 98 2 92 30 13 10 31 80 15 57 48 14 70 34 63 58 72 73 91 5 83 85 33 55 28 1 53 7 23 27 42 50 37 0 87 93 66 24 95 71 59 89 44 86 54 29 35 43 79 45 40 22 76 4 36
72 23 21 54 59 0 18 69 94 11 86 14 87 22 75 51 62 2 45 46 1 47 55 74 44 57 93 78 25 96 73 9 95 28 84 52 68 85 71 91 76 31 6 82 27 83 33 24 40 10 7 15 43 60 67 64 89 37 77 38 20 48 97 63 88 61 26 35 32 90 79 50 81 66 42 5 16 30 8 65 34 49 19 56 98 80 53 92 41 29 58 36 12 3 70 4 39 13 99 17
39 79 70 69 46 89 26 0 61 83 40 6 76 43 67 25 45 80 59 12 42 91 44 74 32 38 3 99 4 58 90 17 15 85 71 48 18 92 82 84 36 56 41 68 57 81 93 54 31 22 49 14 20 34 21 64 75 77 13 78 1 94 60 8 62 88 29 72 30 51 50 96 97 33 5 9 53 16 19 63 65 35 28 52 66 10 2 37 98 55 95 7 24 27 86 87 73 11 47 23
38 32 97 92 93 64 1 13 16 9 7 44 66 89 26 51 24 81 96 74 82 59 37 46 34 58 5 85 11 76 88 42 15 49 80 86 62 23 72 10 83 52 12 78 27 39 99 65 47 33 98 90 73 36 95 3 87 53 77 75 54 71 79 45 2 30 63 68 60 21 67 17 57 91 40 69 43 56 18 55 35 31 8 19 14 61 4 6 50 25 84 48 20 70 28 22 0 94 29 41
12 8 23 83 70 0 56 31 38 87 41 94 9 22 58 5 84 30 6 36 61 42 33 11 48 49 92 67 18 40 52 32 88 28 55 45 53 64 89 91 34 93 14 62 90 19 1 95 98 43 74 47 69 57 54 3 35 77 24 44 13 21 79 26 39 46 99 72 97 63 71 68 27 78 80 60 96 75 73 17 37 65 66 10 16 50 51 29 25 7 2 15 82 20 76 81 85 59 4 86
38 10 56 12 97 26 60 36 85 84 16 51 52 86 19 23 7 58 83 67 25 78 77 61 0 22 8 81 14 94 92 69 88 90 53 46 57 17 2 73 66 1 95 55 79 65 54 59 39 24 18 74 76 93 82 48 64 6 96 72 71 40 99 45 98 70 20 4 9 50 68 33 37 43 5 21 87 31 15 32 80 91 35 49 42 29 28 41 13 11 30 89 75 44 63 27 47 34 62 3
6 19 10 60 16 66 94 31 61 97 84 41 47 89 82 22 80 8 95 17 37 64 24 72 56 91 33 79 87 42 53 93 70 51 32 21 43 14 3 86 67 18 11 39 35 77 52 2 57 13 88 23 59 15 30 54 5 58 96 0 9 98 50 65 81 48 1 29 99 85 76 46 75 27 26 20 38 55 71 44 49 73 90 78 45 83 92 40 36 28 62 69 68 7 63 12 74 25 34 4
7 48 89 83 18 49 9 13 8 68 94 72 85 60 20 16 66 80 87 26 40 46 75 1 98 62 47 92 55 0 93 71 45 30 21 70 12 24 69 25 19 97 77 90 28 65 78 53 39 63 81 96 73 22 38 52 88 27 36 58 44 37 86 31 10 33 82 2 95 99 17 41 42 57 67 79 4 54 59 32 14 43 34 61 91 23 50 3 5 74 64 84 76 11 56 29 6 15 51 35
97 58 52 1 39 24 45 74 4 93 60 43 33 47 7 67 46 89 9 68 18 56 95 81 15 79 75 2 59 96 69 17 64 65 85 62 26 57 88 50 27 86 42 11 72 10 90 82 28 54 44 71 73 32 83 12 41 22 48 35 99 21 14 49 13 98 6 23 53 77 37 0 3 91 19 87 29 20 38 34 84 51 55 30 31 66 16 5 80 92 61 94 63 78 36 8 40 25 76 70
55 29 70 20 57 15 66 45 16 59 32 17 76 39 61 78 48 77 56 99 91 46 87 79 30 12 4 53 62 73 89 50 88 13 81 38 25 98 51 27 63 94 23 11 28 40 34 7 14 3 97 84 1 49 19 24 92 21 67 33 0 74 95 72 75 85 43 58 2 9 71 47 64 86 22 60 90 31 35 69 6 96 93 10 68 36 80 8 54 41 52 82 18 83 26 44 42 37 5 65
7 18 97 89 40 47 53 43 66 42 37 92 33 90 71 88 11 52 63 23 50 31 19 48 21 27 74 98 8 54 17 96 4 46 84 91 25 26 61 32 75 82 45 58 15 77 39 73 62 99 76 78 12 2 6 44 55 29 60 13 16 28 51 10 22 85 65 36 95 80 69 35 87 34 57 86 68 38 20 67 93 24 59 56 9 94 41 83 64 0 3 79 72 81 49 1 30 70 14 5
34 54 99 96 49 24 38 20 51 9 27 44 15 55 35 83 2 61 64 4 69 46 7 8 71 19 12 25 58 85 90 60 10 93 13 42 80 79 0 89 62 26 21 86 32 3 59 67 66 5 18 31 98 77 16 43 50 22 47 87 48 39 65 1 6 37 74 29 33 76 45 56 75 88 53 70 30 82 73 28 23 36 52 17 14 78 94 97 81 57 11 40 63 91 92 68 84 95 41 72
16 41 19 47 8 65 7 31 89 29 10 94 52 64 4 9 23 82 11 54 36 38 59 5 17 28 44 98 46 55 66 18 42 97 50 21 96 22 51 14 35 90 43 69 85 80 58 12 91 63 20 56 99 15 84 30 1 27 40 62 68 48 93 72 25 79 71 34 37 24 6 60 57 74 76 67 86 33 39 73 53 26 0 61 2 13 78 32 49 70 83 87 45 75 95 3 81 77 88 92
74 60 87 4 3 38 62 72 81 65 0 93 75 99 97 13 36 92 37 28 53 94 82 33 25 34 12 24 21 42 10 70 16 26 67 18 56 23 83 1 71 11 91 58 50 68 48 7 5 39 76 40 17 6 30 44 95 20 61 55 35 19 77 78 85 79 43 89 59 15 88 90 66 80 84 31 29 8 69 52 32 41 2 9 98 54 51 64 47 46 27 45 63 22 57 73 96 14 86 49
47 0 49 52 87 56 91 55 33 12 62 14 76 34 99 2 6 88 79 59 51 15 48 28 82 93 40 7 13 98 26 75 83 84 69 85 20 23 29 89 43 22 65 16 50 39 67 30 92 37 36 31 97 45 60 81 21 3 46 9 61 27 86 24 25 42 38 8 80 72 90 78 57 71 4 58 68 1 94 64 66 63 11 10 70 32 54 18 95 77 44 74 73 41 35 17 96 53 19 5
5 43 7 49 92 66 18 1 3 80 9 16 70 58 25 78 34 59 79 97 40 45 12 33 53 30 98 55 99 41 44 90 24 94 39 89 36 21 0 13 38 37 65 71 91 69 8 47 85 72 52 82 74 93 61 56 19 26 2 6 68 35 54 42 32 11 67 73 15 28 22 31 77 88 23 75 62 50 27 63 64 20 51 46 17 81 29 76 48 84 83 96 86 14 87 4 95 10 60 57
27 32 7 3 18 58 47 72 9 37 45 57 94 60 64 90 28 35 22 33 93 36 42 51 19 5 41 4 65 95 56 53 71 80 68 40 24 46 10 92 52 61 38 0 55 30 21 50 17 89 99 6 97 23 16 2 34 8 48 43 66 69 70 82 85 79 73 75 26 29 14 67 81 77 87 84 91 62 59 13 98 86 11 74 63 1 54 76 44 31 78 15 83 12 39 88 20 49 25 96
39 8 70 93 74 34 91 79 55 41 50 48 6 64 95 42 12 59 94 16 21 52 4 98 88 9 40 13 71 65 37 61 75 2 43 47 32 63 19 69 30 26 80 17 44 11 35 36 23 53 60 85 83 87 5 62 84 7 51 92 3 82 96 90 0 20 27 45 67 66 24 1 54 99 10 89 46 14 76 68 81 28 78 86 49 33 38 22 73 57 31 15 97 72 25 18 29 58 77 56
64 28 34 47 97 91 9 50 85 27 93 1 17 99 56 25 13 98 4 7 84 36 0 23 57 37 2 52 61 53 49 35 22 74 15 30 16 63 65 76 11 80 33 60 54 19 3 88 72 82 40 59 78 70 44 29 81 73 69 96 68 18 10 39 55 95 89 90 79 66 62 92 14 77 87 42 94 41 75 24 83 71 12 58 46 51 67 20 6 48 21 31 8 38 5 45 43 86 26 32
72 11 61 71 54 1 92 14 66 70 9 74 48 79 99 2 81 80 55 21 20 46 23 56 43 50 68 16 60 44 62 32 5 0 65 8 29 97 19 12 18 24 28 40 25 7 59 93 53 86 51 90 49 30 33 91 75 45 78 6 76 39 10 85 84 52 36 88 47 96 37 22 26 35 57 95 58 42 15 73 87 41 13 34 69 27 64 82 31 63 4 67 83 3 17 89 94 77 38 98
62 86 95 87 52 25 11 68 85 44 74 32 54 90 63 72 64 94 99 59 24 39 67 73 65 5 2 23 47 71 83 89 4 17 29 3 80 56 10 28 57 92 8 27 21 77 42 35 50 1 9 82 81 26 33 14 31 66 36 0 12 97 61 22 48 43 38 76 55 49 37 13 58 45 96 98 53 16 46 69 79 75 30 84 91 70 40 51 88 6 34 18 93 60 19 15 7 78 41 20
13 17 31 73 38 5 12 82 22 50 84 65 96 98 70 86 89 4 76 34 33 58 14 90 57 21 81 53 36 18 66 55 59 7 88 40 80 27 77 15 92 74 95 19 63 0 43 83 93 6 24 11 29 28 91 41 9 20 32 45 60 68 49 78 47 62 94 25 99 8 2 1 42 72 52 67 39 37 97 30 48 64 26 54 85 23 56 10 35 71 61 75 3 79 46 51 69 44 16 87
88 15 75 10 19 11 1 90 58 66 27 9 7 80 39 94 70 50 61 64 37 86 65 30 17 3 54 60 5 13 74 33 96 35 24 83 16 36 48 82 73 29 40 2 69 41 38 85 0 18 46 84 44 95 51 56 23 57 6 72 53 12 43 68 22 92 98 59 26 89 21 28 63 81 79 25 31 4 52 55 20 99 67 78 77 91 62 76 49 45 8 42 87 93 71 32 47 97 34 14
41 18 79 65 11 35 99 75 94 76 19 43 42 70 34 6 39 4 24 22 40 23 96 0 55 61 92 12 49 29 80 9 2 16 84 54 81 3 63 88 98 72 31 10 47 45 69 68 46 15 83 91 74 73 17 36 85 59 89 30 62 25 32 1 28 67 53 7 21 86 20 56 95 82 33 64 37 60 57 52 48 13 58 78 27 66 8 5 97 87 26 77 14 51 71 38 93 50 44 90
97 45 56 18 22 58 83 98 79 15 11 64 81 89 33 93 19 96 85 47 66 42 31 10 84 63 73 1 74 52 80 44 39 68 26 71 61 49 95 29 14 34 82 28 51 57 17 75 24 25 48 32 46 92 21 38 91 67 40 5 12 37 3 43 87 54 60 72 50 86 78 27 77 7 53 6 35 2 16 9 30 20 41 13 99 76 94 59 4 90 88 23 8 36 55 0 69 70 65 62
14 64 84 15 82 11 96 74 22 46 20 81 6 63 85 51 79 43 70 19 73 45 52 34 23 1 13 5 17 47 28 93 83 41 36 62 33 97 49 61 69 0 99 12 39 87 92 71 32 76 35 78 91 29 40 25 75 27 98 38 80 58 55 54 59 31 90 67 95 3 44 18 10 68 42 7 4 86 24 2 57 66 50 72 77 56 30 89 37 48 94 60 16 88 53 26 65 21 8 9
33 18 28 38 93 5 81 74 46 79 68 83 85 59 87 16 86 66 15 55 24 29 58 53 34 1 40 98 3 92 2 14 77 89 78 52 56 32 60 73 76 48 44 63 23 26 8 17 30 12 99 95 27 94 91 84 9 82 50 7 47 90 72 57 70 20 43 45 22 49 21 13 75 64 51 61 0 19 10 37 96 65 67 71 11 25 36 41 88 39 97 35 6 80 54 62 4 42 69 31
95 58 16 24 36 74 78 34 35 41 15 53 64 90 94 1 61 44 9 28 67 4 71 88 38 6 57 80 72 21 76 13 0 33 91 49 31 51 55 77 86 69 23 8 46 27 92 18 32 39 82 19 3 87 75 29 81 68 47 97 17 83 22 85 30 63 43 14 48 54 45 50 79 20 11 66 99 52 65 70 60 25 89 10 73 26 93 62 37 42 84 59 5 56 98 96 12 40 7 2
81 19 8 34 62 61 67 90 63 49 40 65 80 18 59 97 76 94 33 75 11 23 74 57 24 25 54 29 12 48 66 71 89 42 21 58 86 31 43 26 73 28 2 55 83 41 20 10 39 85 78 51 95 4 87 72 7 17 1 9 50 44 6 92 56 45 98 5 88 16 53 70 46 36 84 15 14 79 93 35 60 32 27 96 68 3 37 91 22 13 82 99 47 52 30 0 77 38 69 64
22 71 86 69 76 87 46 51 88 44 95 65 85 28 57 8 40 55 26 53 32 70 48 35 25 66 61 62 89 16 34 1 27 17 30 72 9 59 63 37 39 12 23 92 11 10 93 75 13 91 45 96 33 18 41 83 3 94 36 14 6 0 50 98 4 49 19 99 21 82 56 47 80 84 20 64 52 79 31 78 90 42 15 54 38 58 97 73 7 81 60 5 68 29 67 2 24 74 77 43
6 8 14 42 65 45 76 39 50 85 63 55 94 19 10 53 98 57 2 12 35 80 9 90 62 46 15 25 18 1 27 64 36 54 47 33 51 20 23 83 88 86 21 37 89 58 73 30 61 66 16 67 87 4 75 38 95 97 82 17 84 26 78 31 68 32 70 7 34 81 96 52 3 43 99 59 72 44 56 22 91 5 71 0 13 41 11 29 49 74 60 77 24 79 40 93 48 69 92 28

36 29 46 37 40 42 5 25 35 61 88 91 34 15 69 13 92 39 82 31 49 32 45 79 12 10 11 83 9 67 86 22 47 51 73 81 89 99 19 52 58 60 26 65 30 3 28 8 97 85 41 48 23 68 93 20 53 62 80 75 38 77 27 2 96 66 95 98 94 74 72 14 0 7 76 87 6 18 16 63 90 70 33 57 1 54 17 44 21 71 24 64 59 4 84 50 56 78 43 55
38 82 80 11 74 72 15 46 60 21 97 10 52 20 93 77 95 33 31 98 83 17 88 28 92 2 51 36 79 48 75 34 59 1 27 29 23 19 53 71 16 25 30 47 5 35 86 81 89 54 76 99 6 84 43 18 14 91 55 45 0 94 13 56 26 57 63 42 8 78 62 49 12 39 40 69 66 64 32 70 37 96 44 85 50 22 90 73 87 9 68 58 3 65 4 7 61 41 24 67
92 89 15 66 80 22 91 34 35 37 49 10 32 0 57 39 11 72 77 61 94 67 99 93 12 56 85 59 9 62 43 14 2 36 16 27 46 1 50 33 24 74 73 52 38 44 76 78 45 55 8 47 3 81 69 20 13 19 58 23 87 28 30 75 98 40 79 17 70 5 83 48 29 90 26 60 41 95 42 64 97 54 53 4 25 18 88 71 84 7 51 31 21 6 86 63 96 65 68 82
84 39 85 50 63 8 81 73 54 40 18 59 17 76 99 0 51 82 36 97 11 43 5 10 96 87 80 28 4 89 71 38 19 22 31 45 27 86 26 57 13 12 41 7 32 91 69 65 33 35 68 55 94 15 93 23 1 2 90 30 42 79 78 66 34 64 3 47 58 25 77 37 75 46 72 92 16 48 95 61 6 83 53 60 29 88 9 98 74 14 67 62 52 44 21 24 20 56 49 70
30 26 54 31 70 18 67 42 94 59 1 83 65 90 33 79 46 48 82 35 86 73 10 11 13 17 15 9 57 32 34 95 29 69 45 22 85 62 92 12 3 91 58 39 0 84 20 47 7 96 43 41 49 28 38 52 80 51 68 37 93 53 21 5 71 66 44 40 78 6 74 4 99 81 8 19 25 36 98 97 89 88 75 72 77 55 16 23 56 64 50 60 63 27 76 61 2 24 87 14
79 28 30 86 60 19 33 17 7 84 42 83 27 98 66 3 6 9 56 15 61 52 65 11 59 45 57 0 2 92 89 32 81 44 51 50 63 34 95 68 25 29 72 10 24 77 96 54 36 20 31 99 93 22 23 75 69 37 21 70 58 26 53 74 41 80 4 5 88 55 76 38 85 90 97 62 18 1 46 91 40 16 64 71 39 48 47 43 12 87 78 73 8 14 13 35 67 49 94 82
11 39 20 19 93 6 4 50 25 75 44 43 73 38 52 28 55 69 56 5 49 58 21 59 8 33 83 87 92 79 48 94 35 42 29 37 2 74 62 85 72 99 97 14 80 70 15 61 91 78 26 46 65 68 98 18 45 66 10 54 77 36 64 40 89 82 67 27 53 12 57 1 17 9 76 86 30 41 63 81 96 84 34 7 90 95 13 31 60 22 24 51 16 47 71 0 32 3 23 88
82 92 79 1 68 47 94 64 26 78 99 11 33 44 9 14 19 49 24 53 96 80 52 46 18 13 2 67 4 70 55 91 50 66 62 36 37 63 0 61 8 73 72 43 59 12 84 48 74 38 35 58 95 75 85 40 98 30 29 31 3 15 10 39 60 32 93 88 86 71 5 6 7 22 90 56 21 97 42 54 57 27 89 51 45 23 25 81 69 17 87 41 16 76 20 65 28 77 34 83
39 18 76 56 82 22 10 49 17 75 80 74 90 33 72 92 58 1 45 79 15 40 35 3 69 67 12 9 53 37 41 7 78 13 43 61 25 62 93 97 20 77 59 16 87 44 24 73 27 47 99 68 51 94 46 84 32 60 2 0 36 42 83 81 48 34 52 11 14 64 4 98 38 63 21 28 85 66 19 50 71 29 6 86 89 55 23 88 26 54 31 91 96 70 30 5 65 8 57 95
80 86 0 17 42 30 2 28 41 18 45 25 21 69 10 48 29 13 7 20 52 38 83 15 70 75 99 94 60 12 55 71 39 22 6 26 93 19 43 24 73 54 79 32 23 27 1 88 74 56 36 33 61 31 64 5 82 81 47 51 63 85 35 77 95 59 53 4 92 78 58 3 96 37 46 11 65 34 57 72 97 62 98 50 40 9 66 68 8 14 84 67 49 16 90 44 89 91 76 87
54 57 28 72 61 25 59 50 14 4 84 67 13 30 82 53 1 42 64 74 34 71 52 15 68 81 46 97 70 77 45 10 40 27 44 98 78 87 79 39 91 36 16 38 18 55 96 48 92 3 76 11 63 94 56 83 37 43 23 32 31 2 17 88 20 99 26 8 49 9 12 80 60 6 29 7 51 86 66 33 47 69 21 41 89 24 90 22 93 75 5 62 73 95 65 35 58 19 85 0
20 99 60 30 53 16 85 35 77 92 39 28 71 66 52 72 4 0 75 94 6 1 79 93 29 46 54 32 98 8 26 78 62 27 9 97 96 59 38 88 89 84 95 55 45 31 23 42 48 69 49 76 57 82 73 87 64 12 37 7 15 19 50 13 3 25 83 43 40 51 2 34 63 56 5 61 74 80 90 22 24 65 11 21 81 14 36 68 10 33 18 70 47 17 91 44 67 58 86 41
9 30 67 78 91 38 85 52 53 27 43 2 4 95 10 75 77 79 96 11 24 1 50 37 76 16 80 74 86 0 8 7 19 68 57 81 45 93 94 41 17 48 72 42 3 56 14 31 66 15 23 29 51 21 35 20 87 83 60 84 73 28 18 62 99 90 61 46 39 63 98 22 97 65 70 44 92 64 5 26 13 49 89 58 47 33 12 54 55 6 71 32 40 82 59 25 88 34 69 36
55 40 8 60 4 52 76 98 3 91 36 37 7 88 92 80 81 10 44 95 54 58 11 64 86 15 84 31 2 0 97 49 19 59 93 82 48 79 41 63 43 42 20 25 61 89 96 26 14 77 94 83 30 87 1 90 45 74 75 18 57 69 12 51 99 47 5 62 71 56 78 85 9 28 33 72 6 70 16 17 35 46 66 65 32 50 68 53 38 73 67 24 23 13 39 22 29 21 27 34
0 38 47 17 6 16 8 1 66 37 32 91 97 27 98 15 70 7 30 65 48 61 21 99 96 46 84 58 20 89 79 83 22 3 88 67 78 95 29 59 80 18 11 42 93 74 63 69 90 87 60 94 54 76 44 23 26 36 13 72 92 39 45 77 68 86 4 75 56 40 52 33 10 25 82 73 57 12 50 43 28 35 5 9 31 19 71 55 81 34 53 14 51 41 64 85 24 62 49 2
36 16 75 18 86 92 90 53 6 21 82 41 13 10 52 79 46 20 14 25 17 51 35 15 60 87 40 37 91 39 11 43 3 47 88 32 73 44 55 99 89 1 63 49 27 59 78 64 50 22 24 65 77 34 96 42 4 12 57 31 93 84 29 23 70 68 69 38 8 54 81 33 80 2 67 26 0 56 5 94 74 85 7 30 72 48 58 98 62 28 95 9 83 66 61 76 45 19 71 97
38 13 80 50 62 71 18 43 86 33 73 29 99 7 20 90 66 14 83 25 22 97 4 16 41 87 45 70 26 59 12 69 48 5 89 55 56 40 81 32 58 98 63 53 35 3 60 39 42 67 95 51 1 92 85 64 46 91 15 19 44 27 21 9 93 34 57 47 8 28 76 82 75 23 94 78 77 72 2 88 17 24 79 6 11 96 68 36 61 65 10 0 49 52 37 31 74 84 54 30
90 11 93 96 94 4 29 38 72 8 31 82 71 66 77 32 45 28 70 12 99 50 75 36 79 43 97 18 51 62 98 76 35 14 20 91 22 52 9 48 68 41 80 53 83 0 64 95 15 34 92 33 1 25 60 89 49 65 57 59 6 78 21 85 84 16 88 27 39 17 86 67 73 87 61 5 81 42 13 55 3 10 46 23 63 54 44 40 19 56 24 74 2 47 37 58 26 69 30 7
90 99 21 62 79 34 48 73 85 27 42 89 59 6 52 2 7 17 95 33 53 10 93 4 3 25 71 91 58 16 51 55 43 54 26 35 72 5 96 19 83 20 12 44 78 32 29 22 45 66 69 49 36 50 67 68 75 9 40 88 98 56 38 23 76 74 46 11 39 1 41 80 61 30 37 60 70 64 28 24 87 65 63 47 97 82 86 84 14 15 57 31 94 18 8 0 77 13 92 81
99 49 93 37 19 94 17 1 58 47 39 42 18 31 72 71 26 10 5 22 38 81 57 82 70 61 83 92 63 13 77 84 66 9 55 78 23 54 53 48 98 80 34 73 97 45 16 74 88 69 14 29 79 27 2 25 87 15 50 68 32 46 0 44 12 30 40 41 7 91 67 85 56 36 76 59 8 11 33 95 75 96 21 43 60 90 64 51 24 86 35 6 89 65 4 62 28 20 3 52
62 78 99 79 90 97 35 60 9 2 74 15 26 58 82 48 98 75 6 61 14 29 46 52 64 3 25 5 84 88 31 43 41 86 38 37 10 54 94 33 65 0 8 23 47 16 12 19 34 13 77 76 11 50 36 92 59 42 22 70 17 4 96 24 63 68 73 72 93 67 30 1 56 69 28 51 53 71 21 20 39 44 18 89 83 7 32 91 66 55 49 81 95 85 80 87 45 27 40 57
38 44 67 93 52 57 34 88 96 55 41 15 71 12 42 50 92 10 2 20 54 31 23 60 86 83 35 77 61 65 40 13 74 73 84 29 30 3 39 1 53 49 99 16 62 64 80 26 8 66 58 63 47 87 90 46 33 59 37 22 14 11 6 45 19 69 78 9 72 76 51 18 79 97 21 27 24 56 32 0 17 68 43 89 36 95 85 7 75 25 4 5 48 28 70 91 82 94 98 81
67 16 13 53 7 25 9 15 63 48 30 85 20 52 35 56 65 94 55 71 92 41 98 19 8 31 23 90 14 91 54 69 51 66 45 28 21 40 26 12 17 73 88 33 18 97 11 72 80 10 5 77 27 1 43 89 62 68 4 22 76 61 42 93 78 3 36 60 87 83 64 37 49 70 38 59 29 46 81 58 74 2 84 0 34 75 99 24 86 47 57 6 32 39 82 50 96 95 79 44
5 25 50 92 70 28 18 8 60 39 53 13 30 20 55 67 22 24 85 80 59 81 91 12 17 61 89 94 15 2 0 62 58 74 86 73 47 77 56 87 88 48 90 40 31 66 43 84 1 49 10 14 98 57 35 97 32 76 27 45 44 93 38 52 69 78 37 33 4 16 65 11 21 9 34 54 29 3 41 42 26 71 83 23 75 68 95 7 6 79 99 63 72 46 96 82 36 64 19 51
60 52 21 79 33 17 32 42 39 91 82 71 38 61 47 43 23 74 70 44 92 49 5 97 14 68 83 2 72 58 45 24 26 51 59 30 94 12 4 65 87 85 57 78 0 1 8 7 37 77 16 13 62 22 25 34 40 69 35 41 75 53 66 64 27 28 48 11 98 6 95 36 56 99 9 31 29 67 3 15 18 54 89 90 55 86 10 93 88 19 96 81 50 80 20 46 76 63 84 73
58 39 25 18 8 37 10 89 29 45 46 61 41 82 24 11 26 76 80 86 69 53 85 71 35 5 23 28 13 51 15 33 30 59 50 38 74 92 84 88 81 72 40 63 16 1 93 21 6 17 47 22 87 78 73 90 31 48 66 36 34 20 62 9 2 60 75 27 95 65 12 0 52 44 7 56 14 96 79 99 32 91 67 54 3 55 70 68 4 43 57 94 19 42 77 49 83 64 97 98
8 22 39 27 40 17 38 36 45 87 66 28 88 68 48 52 21 53 7 1 98 50 73 61 58 47 59 41 51 0 24 57 60 92 69 89 78 20 11 44 65 83 6 12 33 13 86 26 97 25 35 99 37 85 19 80 29 32 14 77 76 75 16 31 79 9 4 23 93 62 55 3 95 63 54 49 34 64 2 18 46 67 15 74 30 72 90 71 56 70 84 91 42 10 82 96 5 43 81 94
43 47 92 97 33 18 28 60 9 99 63 36 70 1 52 93 30 50 24 22 8 19 85 13 64 20 65 14 96 78 21 91 94 67 39 11 80 68 37 73 51 35 49 31 53 10 29 89 82 88 81 55 45 58 76 4 42 84 71 77 40 34 27 17 26 95 0 48 54 41 25 2 56 75 66 3 59 90 7 16 46 87 57 38 69 98 83 44 79 6 32 12 86 72 62 61 5 74 15 23
32 37 81 76 28 74 56 62 14 1 65 57 9 38 5 64 26 7 94 85 12 93 51 95 63 6 53 22 35 83 18 40 69 16 78 34 21 24 75 84 67 41 87 99 15 55 10 73 8 71 3 4 96 36 49 20 72 82 23 42 60 89 54 58 31 46 2 39 92 11 17 50 47 33 45 48 91 66 29 86 97 0 68 27 98 90 30 59 88 52 43 25 19 44 70 77 61 13 80 79
77 52 75 25 97 5 46 70 1 6 69 50 64 12 71 28 65 8 84 10 45 85 51 13 72 42 59 76 41 40 68 11 43 54 9 0 7 34 44 17 37 20 56 16 48 32 89 91 99 18 62 53 74 95 2 30 57 90 29 82 93 14 63 79 87 15 38 58 35 22 98 27 60 36 81 19 61 24 47 21 3 4 67 33 31 78 92 88 66 96 39 23 94 80 26 86 49 73 55 83
93 92 98 82 61 97 56 79 54 36 75 44 99 46 3 50 42 8 12 94 13 80 57 45 95 70 24 7 40 14 29 11 10 25 33 74 81 55 20 35 39 88 90 6 21 43 38 67 32 1 89 59 96 17 15 49 87 26 69 19 28 58 37 86 41 4 62 91 65 16 85 47 66 2 31 18 27 34 9 5 64 73 52 78 22 68 63 76 30 84 48 51 72 71 83 77 23 53 60 0
97 20 80 46 6 7 26 35 37 39 57 93 40 9 38 84 13 16 75 77 2 63 94 1 31 4 87 85 10 11 70 25 64 5 51 89 42 62 72 96 69 98 83 19 78 43 56 71 79 0 86 17 90 27 99 47 61 48 66 3 68 8 95 53 52 67 24 91 30 60 65 14 50 29 41 59 22 92 23 54 88 44 73 15 76 36 33 82 45 18 28 81 32 74 58 34 12 21 49 55
16 9 20 53 85 63 19 18 64 93 77 48 66 54 41 0 44 33 13 65 81 62 42 35 86 3 57 69 15 94 74 32 82 27 47 90 87 23 97 21 58 95 99 22 78 29 37 71 10 56 31 49 73 4 88 46 61 91 39 76 51 28 75 68 7 38 83 8 52 25 30 24 34 79 92 11 45 67 70 36 98 43 6 50 2 96 60 5 80 55 17 26 72 84 89 40 14 59 12 1
31 7 49 91 57 47 20 64 38 95 67 45 54 18 99 82 30 35 44 4 39 73 33 40 51 11 14 12 92 97 8 26 43 93 13 53 60 98 2 89 90 34 52 25 83 37 48 5 96 23 59 84 0 58 29 55 65 27 74 62 66 70 9 6 56 19 72 17 16 68 80 77 42 15 86 85 24 50 61 79 28 3 22 36 78 21 10 76 75 46 1 81 71 32 87 63 69 88 94 41
71 55 22 91 68 69 37 66 57 96 93 27 84 40 64 94 78 34 25 52 2 29 74 1 97 83 24 33 36 80 76 39 18 56 48 17 10 49 35 7 87 72 28 4 5 32 9 3 20 63 26 58 23 47 77 50 92 60 59 85 15 62 95 82 70 38 13 51 81 65 19 11 41 45 12 14 8 46 99 21 86 79 67 31 0 61 54 75 44 53 42 90 98 43 6 89 30 16 73 88
16 98 14 74 96 42 78 44 31 77 30 33 62 28 94 75 88 2 52 59 64 69 23 46 84 35 36 7 87 51 12 43 5 20 40 8 56 68 25 21 50 53 97 29 80 39 95 99 17 47 58 76 91 11 70 10 81 63 0 34 6 66 86 48 27 60 55 57 24 65 49 22 90 73 82 9 54 67 26 41 37 92 1 13 45 38 61 85 4 93 19 83 79 18 3 71 72 32 15 89
94 4 48 44 47 28 56 18 43 85 20 25 63 23 6 35 53 39 7 24 42 95 93 52 51 90 70 67 41 1 68 50 34 38 16 46 29 32 12 72 89 61 69 91 37 26 17 62 58 82 0 21 8 84 78 15 55 59 57 27 92 40 49 2 3 81 9 80 66 5 74 45 30 14 13 83 76 19 22 65 75 71 31 36 11 77 79 33 64 54 98 97 86 88 96 73 60 87 99 10
90 40 55 97 65 58 56 76 54 81 75 29 11 4 21 59 88 60 34 0 92 71 70 23 87 24 20 84 43 49 69 63 9 39 42 31 95 78 45 35 93 67 96 73 28 15 26 41 99 36 16 57 46 86 22 64 48 83 6 32 61 47 7 38 66 33 79 50 80 8 74 1 25 19 98 3 52 37 89 17 62 13 12 30 85 10 91 53 94 82 14 2 44 77 27 5 72 68 51 18
90 17 37 47 72 2 66 50 46 25 92 65 94 87 23 43 28 63 7 83 30 73 38 18 58 85 99 61 26 75 64 81 3 29 34 13 31 59 45 39 22 69 0 9 67 91 51 36 62 56 5 89 24 42 95 86 93 27 55 4 14 33 88 60 15 11 53 12 20 32 76 49 98 80 44 6 1 78 35 21 10 40 79 74 70 52 96 8 77 84 97 57 68 19 54 16 82 48 71 41
16 30 3 52 59 97 54 23 24 58 53 26 83 66 60 69 38 33 75 72 6 93 11 27 44 62 86 88 82 29 99 15 39 28 18 87 20 34 40 81 84 90 45 51 32 78 14 79 63 10 71 43 5 91 64 42 94 4 1 49 55 13 22 96 61 35 77 17 67 92 76 36 12 31 73 95 57 19 21 9 46 68 50 41 48 7 56 85 98 47 25 89 0 70 8 2 80 74 37 65
61 1 84 20 35 18 87 52 92 24 10 55 65 15 29 49 67 16 57 94 40 83 59 90 31 11 27 17 5 38 50 89 75 95 3 33 70 34 51 21 8 36 4 39 45 64 0 82 32 56 37 6 81 93 79 68 28 98 69 13 85 71 48 72 9 43 25 77 12 86 22 76 44 2 63 26 99 91 60 30 41 73 14 54 19 53 62 47 42 58 88 80 97 46 78 23 7 74 96 66
94 0 51 41 1 11 90 69 37 92 59 81 29 68 3 89 82 30 60 95 10 21 20 17 24 99 67 79 46 53 98 7 61 25 4 73 55 42 87 14 76 19 54 84 16 63 23 49 44 39 80 66 78 12 26 65 13 88 31 28 97 33 8 47 56 85 32 96 52 86 6 70 74 71 18 35 58 62 93 57 38 43 91 50 72 15 83 22 5 75 9 27 48 36 64 34 2 45 40 77
49 59 61 95 31 79 34 30 58 22 77 17 35 41 55 93 50 56 72 83 33 16 89 10 42 28 69 76 14 91 51 4 37 45 71 3 48 75 13 66 9 29 7 47 0 27 84 2 54 53 12 82 98 64 81 44 23 63 68 24 1 20 85 57 21 15 40 80 18 36 43 67 11 74 73 96 5 62 26 90 19 39 60 92 86 94 8 97 87 46 52 38 65 32 6 70 99 78 88 25
63 26 23 5 69 67 70 61 12 7 10 84 33 38 18 17 57 20 89 92 64 96 29 78 22 37 88 0 46 98 62 74 16 82 3 55 75 44 53 48 21 47 2 54 56 19 42 32 71 36 59 80 58 28 27 86 79 31 25 14 93 11 99 83 35 41 90 4 52 51 65 40 85 34 60 91 30 50 72 73 15 76 94 9 13 6 43 45 95 66 8 87 24 77 81 97 39 49 68 1
52 39 81 96 56 34 38 30 50 97 79 37 85 51 20 13 57 44 64 1 94 29 0 23 11 82 91 45 71 70 77 42 62 76 99 4 73 59 87 55 48 93 31 40 14 18 16 68 46 43 95 15 80 28 12 8 21 98 7 86 36 65 58 74 5 60 63 54 66 22 88 89 10 6 67 83 24 84 9 33 92 78 35 49 2 75 41 69 32 17 47 25 26 53 72 90 61 3 27 19
82 32 45 97 49 72 37 84 73 64 47 58 53 19 79 78 35 11 6 71 65 4 63 43 25 2 9 55 88 16 22 92 96 24 36 46 80 98 28 23 15 57 14 5 42 39 77 30 91 10 95 34 66 31 33 27 54 8 86 81 93 52 85 50 0 20 59 68 12 29 70 62 48 38 40 87 74 83 67 17 51 69 3 44 26 99 60 41 13 76 56 21 1 94 75 89 90 61 7 18
96 92 50 68 60 19 65 87 97 27 16 58 62 33 43 41 83 6 11 26 82 32 61 46 37 70 63 80 66 89 81 15 5 49 86 42 94 56 23 59 93 12 48 7 53 51 35 54 20 76 25 91 99 73 84 28 31 77 85 10 21 36 2 13 22 74 67 4 14 45 64 38 90 79 30 72 1 40 98 18 52 71 75 17 8 78 95 34 39 57 9 0 29 47 24 69 88 3 55 44
47 83 69 30 2 34 3 52 61 85 81 27 5 72 31 23 20 29 98 86 57 56 54 55 45 40 74 78 99 68 19 70 93 12 28 13 63 88 64 91 33 75 79 26 35 97 6 0 25 10 65 76 92 89 58 77 46 44 95 4 87 60 1 17 11 22 18 82 41 38 90 15 16 59 37 7 71 36 8 42 43 67 9 51 96 39 14 21 80 84 73 24 62 49 94 53 66 48 32 50
77 7 10 22 84 14 71 82 63 6 30 19 79 94 3 52 76 35 78 46 88 32 89 1 25 43 48 62 36 20 38 57 9 51 4 13 47 80 27 81 8 50 68 11 66 0 12 5 67 18 73 85 49 92 91 72 53 24 96 29 34 26 99 70 40 33 45 39 60 86 75 41 93 95 59 21 17 98 16 61 74 87 65 83 58 23 64 2 56 69 28 90 37 44 42 97 55 54 15 31
72 84 85 66 24 63 67 30 89 40 31 13 96 19 6 28 43 38 16 0 36 45 46 61 11 8 48 79 15 27 97 94 56 64 35 22 73 25 68 58 93 18 49 69 20 44 87 51 1 26 4 53 91 82 59 7 47 83 42 76 39 37 5 78 50 98 60 52 21 80 70 34 81 55 57 62 33 41 77 65 10 32 23 54 12 2 99 29 14 3 74 90 75 88 95 86 9 71 92 17
45 44 28 33 79 12 31 21 90 19 94 4 14 40 80 5 42 69 29 37 92 70 97 67 85 91 76 48 3 26 62 54 9 17 22 81 15 8 59 38 10 77 60 89 83 73 87 16 32 49 30 86 56 2 0 58 50 47 95 11 20 98 63 53 27 96 34 66 65 25 68 36 24 55 84 13 93 88 46 7 52 72 64 61 51 43 75 39 6 99 1 35 78 23 41 74 57 71 18 82
62 28 96 52 6 32 68 23 98 69 3 55 0 48 27 31 47 17 11 58 72 38 22 76 73 35 57 10 82 26 95 53 63 80 41 86 87 49 93 40 60 43 34 16 5 64 65 9 74 1 18 54 33 59 81 21 56 75 30 42 97 77 78 67 25 44 88 8 92 66 71 4 14 85 99 51 2 15 12 7 79 36 83 46 20 94 13 45 24 39 19 37 50 89 84 61 70 91 90 29
92 11 70 34 55 6 82 89 29 97 35 61 8 21 67 19 10 18 25 20 7 56 46 99 60 17 48 13 36 57 39 78 16 76 45 49 27 23 90 4 30 31 75 84 65 91 59 63 72 64 5 32 87 52 79 44 98 15 74 41 22 73 66 38 33 50 88 47 28 0 81 85 93 43 26 62 12 53 71 86 40 1 94 83 58 2 69 80 51 54 95 14 96 3 68 42 77 9 24 37
83 64 26 2 12 3 19 1 24 76 89 0 31 96 69 43 58 97 9 36 85 44 18 62 56 41 99 28 68 90 86 11 94 45 98 66 5 30 81 51 21 14 77 54 48 22 52 79 91 8 50 27 61 6 40 39 17 65 35 4 29 16 60 87 42 82 93 55 70 84 75 13 73 34 23 33 49 20 53 32 25 80 74 63 15 95 72 78 59 37 92 7 67 47 10 71 46 38 88 57
27 86 12 9 85 50 49 91 76 52 5 30 92 41 67 88 18 58 19 8 89 73 78 93 59 80 44 23 1 2 25 16 47 34 54 69 64 79 75 10 0 53 35 28 60 20 29 7 83 6 51 21 39 68 90 62 72 33 36 46 38 99 94 55 82 63 42 4 13 61 43 26 15 3 37 48 98 66 22 65 81 77 87 71 74 70 57 95 17 56 84 96 97 11 32 45 14 40 24 31
20 27 66 62 97 61 94 49 99 30 11 40 67 81 73 8 91 46 26 9 33 6 12 75 34 29 60 28 45 95 58 19 76 5 55 10 37 98 56 90 32 89 15 14 31 74 18 25 22 53 4 96 3 79 42 54 83 72 63 2 69 86 48 43 38 87 36 13 85 24 70 77 59 23 65 92 82 78 71 39 16 93 64 50 44 21 41 52 68 80 0 88 47 51 17 57 7 1 84 35
49 59 76 7 19 38 50 36 31 89 27 54 58 43 85 18 47 77 95 10 87 63 96 78 70 72 62 56 48 93 34 8 69 92 30 16 15 83 51 3 73 74 81 65 20 26 46 68 23 0 90 42 14 98 82 1 91 11 9 22 79 45 57 2 37 64 13 99 86 29 60 75 53 52 28 32 24 17 66 55 88 12 84 40 71 80 67 21 6 39 97 25 33 5 44 61 4 41 94 35
36 55 29 72 49 50 78 66 35 28 73 92 62 52 81 94 80 30 41 42 23 21 58 89 96 59 45 44 26 31 88 6 87 22 83 39 47 54 74 51 82 19 9 99 53 3 16 37 0 27 14 85 13 2 75 93 65 4 34 97 40 71 77 10 64 95 56 8 67 33 38 48 90 25 91 61 18 70 86 57 79 12 69 76 46 11 32 68 98 20 1 5 84 15 17 43 63 60 7 24
67 39 94 56 55 91 35 58 75 24 71 18 7 65 0 3 79 49 31 64 54 63 80 5 87 86 33 84 90 29 70 88 45 8 72 6 53 21 9 92 89 43 98 99 15 95 34 52 17 40 25 83 36 41 42 30 78 60 81 44 62 38 57 48 66 14 69 85 73 22 82 96 74 47 4 13 68 11 32 1 27 50 77 23 59 19 2 26 51 61 28 16 37 93 10 12 46 20 97 76
33 68 56 97 65 73 42 38 80 98 14 50 60 48 30 61 13 41 5 83 87 86 35 84 77 71 52 17 88 64 79 26 67 8 27 20 45 70 4 94 51 16 29 49 90 11 92 25 63 36 37 44 76 89 47 24 19 91 0 82 69 6 46 85 23 75 32 72 96 1 2 81 12 3 28 58 54 18 39 55 34 62 66 93 99 95 43 9 40 21 57 22 53 59 31 78 15 74 7 10
16 27 90 59 6 89 8 77 63 29 80 71 73 48 58 69 75 95 36 85 19 41 56 61 17 35 24 1 68 78 93 49 66 60 81 15 33 2 21 97 82 25 12 86 91 30 13 65 38 7 5 11 55 54 50 37 46 88 70 32 92 4 98 87 96 9 52 83 26 84 94 3 76 72 10 67 57 28 43 51 74 79 14 62 18 40 64 20 44 47 0 53 99 34 45 22 31 23 39 42
94 17 79 38 3 59 22 25 44 72 82 63 69 39 21 23 95 90 6 8 75 96 27 52 80 28 57 41 71 93 53 56 78 89 86 33 1 5 16 98 32 20 47 7 35 92 58 9 43 73 4 18 0 97 48 70 45 77 54 24 62 26 49 68 66 85 12 65 50 31 67 29 51 99 55 64 40 91 19 87 2 14 60 34 37 83 36 76 15 88 74 10 13 61 30 84 81 42 46 11
65 81 78 85 60 64 50 34 30 20 13 59 44 39 14 6 67 93 66 37 79 47 69 31 83 92 16 87 84 27 96 98 49 53 51 19 18 10 26 91 70 52 48 99 56 1 88 77 24 62 2 42 8 68 58 4 55 43 7 11 89 45 80 38 25 74 86 15 12 57 32 97 3 28 9 21 0 35 76 73 36 23 41 5 22 29 33 72 17 40 46 90 71 54 75 95 61 94 63 82
93 21 20 70 68 33 18 39 37 51 42 69 95 73 3 5 15 13 34 32 79 44 64 35 77 86 60 74 4 53 46 29 41 65 83 17 84 7 81 47 48 98 92 61 99 23 19 66 57 9 24 67 71 91 8 63 62 76 14 85 0 97 58 2 88 80 11 30 59 54 10 96 78 90 55 89 27 22 43 40 72 36 26 49 50 45 52 28 31 38 75 82 87 94 16 6 12 1 25 56
31 6 12 28 80 59 67 2 53 49 46 23 5 89 76 17 45 29 60 74 13 3 52 99 75 16 24 64 44 88 65 81 73 71 96 25 66 50 1 36 77 63 9 33 69 55 14 87 70 93 38 62 94 10 68 48 39 91 32 58 19 85 15 51 79 43 40 56 11 35 41 26 30 72 22 7 61 82 84 54 37 18 83 97 4 47 42 98 57 95 92 20 21 86 8 27 90 0 78 34
38 91 18 57 10 88 65 5 36 67 31 8 39 51 27 87 9 59 70 93 43 73 11 56 64 47 79 94 72 54 29 48 98 35 1 77 83 96 62 20 74 14 55 50 69 84 66 2 99 90 46 3 40 63 61 52 82 25 68 89 4 17 81 6 22 92 80 19 34 53 45 71 28 41 97 0 58 21 86 23 85 7 75 16 15 49 13 26 78 95 37 60 33 42 12 44 24 32 30 76
39 56 52 42 14 84 20 79 98 8 37 65 59 25 72 68 12 78 33 22 36 51 1 57 28 11 13 66 16 80 19 63 76 69 35 3 17 40 82 71 47 96 48 0 4 26 24 31 67 46 70 91 97 88 86 27 85 92 75 94 58 90 64 77 2 89 54 43 10 81 18 44 60 41 99 62 45 61 32 74 29 23 55 49 7 87 38 5 6 34 93 95 73 50 15 83 21 30 9 53
98 69 48 68 90 89 70 81 0 50 78 35 34 41 23 9 4 47 31 65 61 91 58 84 22 15 49 32 28 74 18 83 64 2 62 12 13 6 86 94 63 66 87 11 97 5 37 79 71 45 25 59 76 26 36 43 21 75 10 17 82 55 7 44 3 52 19 30 77 27 20 39 73 56 80 8 51 60 67 33 99 42 46 92 16 72 29 14 93 85 38 53 54 1 96 40 88 95 57 24
86 97 24 14 81 99 82 35 71 79 30 47 85 8 11 53 65 42 43 87 57 83 73 45 6 89 50 95 0 72 41 23 63 56 84 44 48 36 31 58 22 52 93 70 1 80 90 66 27 54 75 76 61 17 29 69 62 64 9 26 68 46 91 38 51 13 59 7 96 39 28 25 18 34 10 15 16 33 4 37 67 19 55 2 88 74 49 94 77 32 20 3 12 60 78 5 92 98 21 40
32 31 10 4 38 96 71 12 5 73 79 0 1 23 58 18 26 54 44 22 28 27 2 93 9 91 89 85 56 61 60 41 57 84 63 25 46 6 37 55 68 16 11 51 15 99 47 77 66 80 74 64 21 86 97 30 83 7 48 39 90 53 43 62 75 36 45 20 17 70 78 59 67 8 14 87 33 98 42 72 24 50 94 40 95 29 13 52 82 81 3 88 69 65 35 92 76 49 34 19
46 92 85 5 11 71 57 95 70 61 8 36 49 56 67 40 35 99 50 6 76 42 18 44 96 43 32 60 73 87 23 41 21 34 82 94 72 28 63 80 77 88 84 14 37 4 52 91 53 48 26 30 12 22 47 65 54 27 13 15 16 74 10 75 97 64 29 51 78 81 98 38 69 86 24 9 3 20 33 39 89 83 62 68 31 25 55 2 19 66 0 17 90 59 58 7 93 45 1 79
5 78 86 65 61 55 6 41 53 89 63 26 73 51 76 10 4 81 97 91 40 56 37 82 83 72 23 67 80 32 54 2 93 31 28 20 9 47 16 70 69 58 66 19 77 39 79 3 11 25 24 84 75 57 98 35 12 49 74 92 30 17 62 94 90 44 34 85 21 29 22 36 33 0 87 60 96 15 42 14 52 46 27 48 18 38 71 95 64 7 59 1 43 13 99 68 50 8 45 88
58 36 86 0 35 88 94 6 31 15 27 74 64 25 28 92 18 30 95 34 89 3 50 61 47 39 16 41 54 13 33 10 97 67 71 82 4 12 57 9 81 22 26 14 75 17 90 11 62 53 29 78 63 45 40 59 5 87 20 60 56 80 2 24 46 49 69 8 43 51 91 52 1 42 21 37 48 7 68 72 96 65 77 44 55 98 73 99 93 38 23 32 76 70 85 19 66 84 83 79
83 87 6 99 38 10 92 61 50 73 95 20 52 68 60 24 11 81 30 37 90 18 8 79 59 69 46 21 31 65 28 25 7 98 80 17 93 14 3 58 64 22 77 48 56 16 63 0 12 39 1 74 45 40 13 2 32 15 27 76 5 19 26 42 82 33 71 41 75 70 86 4 91 85 78 23 55 29 96 51 94 66 84 72 35 67 49 36 53 44 34 62 9 89 54 57 47 97 43 88
4 85 58 83 48 71 56 66 46 17 40 99 10 94 12 44 34 25 30 90 32 21 18 28 24 84 49 59 87 98 62 67 72 42 96 3 15 91 60 36 65 0 64 52 47 8 57 27 51 29 13 45 74 80 79 63 54 69 11 16 14 55 38 6 26 81 77 92 73 33 37 70 35 68 89 39 50 5 43 9 78 93 97 75 2 41 31 88 95 20 86 76 82 19 53 23 1 22 61 7
54 6 47 29 68 76 23 82 3 21 42 66 18 25 91 57 13 81 67 11 1 26 53 36 49 69 77 52 37 62 43 97 27 0 98 41 2 88 28 75 60 70 55 8 4 94 85 46 7 15 99 84 51 50 59 87 93 32 33 30 31 44 92 5 73 22 90 17 14 39 80 65 63 19 61 10 45 89 16 83 72 78 71 12 9 38 58 20 40 79 48 35 56 64 74 96 24 34 86 95
25 75 31 91 6 27 32 61 19 35 2 70 45 49 95 86 50 20 94 99 74 18 7 9 44 53 36 80 11 81 93 40 57 16 77 55 97 63 73 46 87 52 30 64 82 37 41 3 54 62 15 85 72 34 29 23 14 10 90 59 88 89 92 13 24 96 1 56 67 43 58 28 66 0 42 79 8 78 5 21 47 17 48 39 83 60 65 4 98 51 71 26 69 76 84 12 68 33 38 22
90 67 72 27 50 89 61 91 18 55 14 10 38 22 13 0 83 2 20 69 12 88 81 23 46 62 56 33 73 39 44 3 42 60 6 5 32 64 80 94 41 8 93 43 95 35 58 99 87 76 11 75 52 78 49 53 9 96 4 54 21 40 48 25 24 28 97 71 45 16 85 36 29 7 17 26 82 37 79 74 15 57 70 63 30 77 59 34 51 47 1 92 66 65 68 19 98 31 86 84
21 53 19 76 15 77 84 4 40 99 28 43 9 73 67 0 32 58 57 61 72 75 34 18 41 54 6 87 39 74 5 94 42 30 96 48 83 60 29 24 81 63 38 66 69 22 97 20 82 33 44 80 68 71 1 2 79 70 36 46 55 7 89 78 86 27 45 13 23 16 17 51 35 95 91 93 85 88 12 3 59 62 92 64 26 56 49 31 52 37 14 50 25 90 65 11 47 10 8 98
68 35 91 76 14 79 6 55 29 80 10 34 39 94 70 27 53 43 86 33 20 56 49 16 36 17 59 19 64 74 98 99 0 63 61 2 38 72 37 60 46 82 67 93 62 12 66 21 58 15 90 47 89 32 75 52 31 26 22 23 84 92 69 7 1 50 83 5 88 18 65 4 24 57 97 71 87 9 73 8 81 51 40 13 95 96 25 11 41 48 44 78 77 85 54 30 45 28 3 42
66 89 19 77 15 7 93 55 31 29 56 34 24 39 20 65 27 76 13 52 2 72 41 81 35 83 11 44 3 45 46 4 33 25 37 98 14 85 21 23 1 78 73 64 63 9 17 59 28 71 88 50 80 54 70 51 67 87 62 22 26 94 86 68 43 18 8 90 42 82 16 99 36 69 97 49 40 48 0 38 12 53 91 10 75 57 5 30 58 79 60 95 61 32 92 47 96 84 74 6
1 40 86 52 10 25 19 41 93 67 23 81 92 12 73 4 74 27 39 5 0 70 2 53 57 62 15 90 75 69 8 99 20 42 77 28 71 85 97 46 11 65 7 47 96 89 51 54 31 58 17 9 34 14 18 49 98 45 56 13 33 95 66 22 55 94 36 29 79 68 35 48 6 30 82 84 64 78 63 43 26 88 21 24 87 72 37 16 76 60 91 32 83 44 3 38 59 61 80 50
45 20 11 26 74 48 79 33 49 53 58 8 50 77 51 29 66 82 96 41 25 69 34 56 36 91 2 88 67 86 18 13 4 37 31 7 68 44 46 99 90 89 17 81 28 55 85 5 43 1 19 24 6 87 93 35 73 27 57 3 12 94 98 22 95 16 65 40 78 10 80 30 21 0 23 71 54 39 76 75 38 60 84 61 83 64 59 14 52 97 15 47 32 70 62 9 63 72 42 92
79 6 12 33 3 14 16 59 81 89 46 1 38 84 96 74 41 30 85 15 47 94 29 52 56 58 31 45 67 27 99 32 63 36 75 70 17 24 77 60 2 53 50 20 13 39 92 8 4 86 88 19 10 68 97 42 64 22 69 91 9 90 65 82 95 34 57 98 55 80 48 35 7 71 40 11 54 72 37 23 26 43 25 76 62 61 73 21 28 78 83 5 51 18 87 49 93 0 44 66
56 72 99 33 68 64 80 1 79 55 65 77 96 88 5 39 47 6 11 57 30 85 74 12 86 10 92 31 66 13 52 28 3 63 58 95 53 26 94 38 37 93 73 70 87 76 2 15 25 90 36 27 20 84 51 83 62 8 19 17 78 89 16 0 23 22 4 34 32 29 54 69 98 75 97 44 60 14 24 91 82 7 35 42 21 48 81 50 59 71 40 49 9 46 41 61 45 18 43 67
8 47 3 61 37 34 7 18 11 51 71 38 92 35 45 46 82 25 67 86 41 10 98 5 73 55 72 80 15 70 60 43 50 85 24 19 30 52 78 39 84 21 26 99 0 63 23 59 65 62 32 88 9 74 81 13 77 14 36 87 96 33 6 29 58 97 94 31 20 95 83 2 17 48 12 4 91 44 69 79 57 42 16 89 76 75 54 64 27 49 28 1 90 66 93 22 40 68 53 56
61 5 47 75 45 27 91 88 69 55 89 39 4 8 32 50 81 34 60 43 3 92 38 84 16 14 11 83 66 97 46 23 9 29 18 40 31 94 51 56 26 68 70 0 67 82 77 17 49 22 64 48 99 96 78 62 95 87 74 85 90 12 10 76 57 59 25 19 44 13 35 20 52 36 30 15 65 1 73 33 58 53 63 24 80 71 86 72 98 54 7 37 28 79 6 93 21 42 2 41
48 60 50 3 87 97 29 33 76 81 0 99 94 2 79 88 8 36 59 26 57 91 92 5 24 90 9 46 85 66 47 68 22 42 86 1 61 18 39 74 31 80 35 30 67 95 20 65 73 12 10 28 93 44 38 21 51 37 55 77 19 11 16 62 6 43 54 56 41 98 78 17 70 4 23 13 83 34 71 75 82 49 15 40 89 58 72 32 64 7 14 84 52 25 63 45 53 69 27 96
13 57 95 99 3 59 48 35 51 38 54 0 43 89 97 49 98 47 10 18 32 93 7 90 75 4 1 58 81 71 42 8 50 72 84 70 61 55 14 28 46 86 6 91 96 20 63 78 45 17 11 15 73 30 74 82 36 92 67 85 5 79 76 83 94 66 24 16 62 26 44 41 80 12 34 77 60 52 56 65 22 87 29 2 53 21 40 64 23 68 9 27 69 31 37 39 33 19 25 88
14 89 19 55 66 61 88 51 59 58 78 76 54 36 69 85 75 49 37 7 80 9 29 57 24 5 15 81 83 6 35 42 0 11 64 41 91 8 12 10 94 27 23 45 84 28 73 71 68 26 96 86 52 65 90 93 30 60 97 99 32 39 21 63 18 46 16 25 4 34 1 67 50 87 33 20 2 70 47 82 38 79 31 3 77 17 95 53 74 56 43 98 92 62 48 40 22 44 13 72
56 27 65 95 14 71 28 78 79 76 6 86 68 19 8 93 29 21 12 57 36 81 7 20 33 41 16 0 90 88 92 84 48 24 87 49 72 64 37 89 66 18 60 38 75 39 73 61 23 3 54 17 46 91 1 67 5 69 58 30 98 35 99 96 10 44 70 40 2 74 31 34 42 22 43 45 26 13 80 47 55 59 97 11 53 94 51 62 85 9 15 32 77 63 82 25 83 4 52 50
90 22 34 17 26 9 94 21 81 38 39 29 11 56 93 96 18 80 2 35 41 51 67 82 85 88 31 8 44 6 89 59 23 65 0 45 5 68 30 25 48 71 61 33 57 53 3 13 54 92 84 43 97 1 15 24 52 73 40 74 76 14 42 36 37 20 50 49 69 83 7 75 28 72 78 47 19 64 12 77 99 62 95 46 58 16 4 63 87 86 10 79 98 91 66 70 55 27 32 60
68 88 34 95 87 79 19 11 4 26 47 59 48 45 97 18 6 23 28 62 20 21 40 31 89 63 15 74 0 96 43 41 32 84 9 49 64 37 69 82 52 16 50 99 83 94 61 36 55 5 7 42 54 22 90 24 53 93 46 66 8 27 80 92 85 39 17 56 35 12 86 67 76 72 51 25 13 91 1 78 98 75 44 60 73 29 71 70 14 57 30 65 38 33 58 2 77 3 81 10
60 9 59 28 7 99 12 65 46 94 24 0 88 35 53 80 96 75 39 90 87 5 6 86 2 40 25 3 55 63 27 71 44 29 41 62 14 48 95 92 84 89 68 4 78 42 57 97 64 70 21 38 19 20 74 49 50 10 85 43 79 76 1 32 91 47 69 22 77 15 83 36 56 16 17 30 18 52 26 67 51 23 66 58 93 31 54 61 13 98 33 81 82 37 72 8 73 45 34 11
1 43 86 74 32 38 71 97 39 24 49 54 76 87 67 64 10 92 15 80 96 88 9 33 60 78 84 34 72 30 20 19 90 63 42 95 11 8 51 61 57 62 53 40 73 55 48 59 85 79 77 69 56 16 65 14 82 23 4 5 83 28 75 37 2 68 93 21 31 98 26 0 22 29 35 41 47 44 50 99 89 58 46 7 3 66 6 27 25 36 45 52 81 94 12 70 13 18 91 17
61 90 67 86 51 39 38 9 35 43 70 42 14 27 26 74 59 92 71 17 72 15 73 46 30 96 60 78 89 55 6 5 53 66 36 32 63 19 79 45 12 77 93 81 62 95 91 41 82 11 23 69 29 56 52 88 75 87 20 13 22 34 99 65 54 47 24 25 28 18 76 4 33 37 0 85 84 68 7 57 50 31 2 44 1 49 48 8 83 97 94 16 10 21 58 98 40 3 64 80
28 14 25 40 17 83 42 93 47 27 0 74 41 37 79 60 69 58 99 12 46 84 32 30 8 23 10 24 68 33 52 45 76 56 1 81 11 20 71 65 61 19 62 5 36 34 21 86 75 87 88 92 57 16 64 48 97 35 78 70 38 98 39 82 3 85 13 50 9 59 90 53 89 44 22 4 96 72 7 73 15 66 43 29 55 26 91 18 49 95 6 2 94 80 31 67 63 77 54 51
87 48 52 49 73 69 76 67 89 42 64 55 65 44 26 25 54 21 41 29 62 82 12 6 2 31 45 60 1 28 5 78 22 94 90 86 96 9 11 80 77 75 14 50 46 36 95 79 51 66 84 56 91 24 7 15 59 3 20 38 30 61 4 18 16 57 0 63 92 43 88 47 17 97 10 98 81 74 58 23 68 72 34 27 37 35 70 39 83 85 40 8 99 93 13 71 32 53 19 33
43 61 34 65 57 14 99 82 84 16 18 5 78 74 19 90 91 10 64 71 53 46 32 1 58 20 75 31 24 36 38 44 12 37 92 47 42 60 83 26 86 45 28 76 23 30 29 81 96 48 88 80 13 33 77 52 15 67 3 85 93 35 98 8 55 54 62 39 72 79 95 97 0 41 40 27 50 7 56 68 21 87 69 89 25 70 66 9 59 73 49 94 2 51 11 22 17 63 4 6
99 40 79 54 25 75 33 71 2 20 14 7 72 46 6 81 90 80 27 8 70 61 30 94 55 26 38 34 22 66 53 31 18 47 74 50 97 73 87 43 89 49 57 19 52 9 3 64 95 98 78 60 82 91 56 68 12 24 16 45 21 85 59 28 37 41 51 17 15 88 5 86 58 65 77 83 42 39 36 23 48 63 76 4 10 92 62 32 1 84 35 29 44 67 11 96 93 69 13 0